1.000	13.230	507.000	4.310	nan	2.000	1.000	0.000	1.000	0.000
1.000	13.400	507.708	4.020	nan	2.000	2.000	0.000	1.000	0.001
1.000	13.290	508.125	4.120	21.973	2.000	3.000	0.000	1.000	0.002
1.000	12.990	509.125	4.510	21.973	2.000	4.000	0.000	1.000	0.002
1.000	12.060	509.875	0.980	nan	2.000	5.000	0.000	1.000	0.003
1.000	11.130	510.375	0.390	22.114	2.000	6.000	0.000	1.000	0.004
1.000	10.690	510.708	0.000	nan	2.000	7.000	0.000	1.000	0.005
1.000	10.230	510.333	0.000	23.080	2.000	8.000	1.000	1.000	0.006
1.000	10.950	508.625	0.000	23.080	2.000	9.000	1.000	1.000	0.006
0.000	11.850	505.333	0.490	nan	2.000	10.000	1.000	1.000	0.007
0.000	12.560	504.000	0.880	nan	2.000	11.000	1.000	1.000	0.008
0.000	13.800	501.812	0.690	22.517	2.000	12.000	1.000	1.000	0.009
0.000	14.100	499.400	2.060	22.517	2.000	13.000	1.000	1.000	0.010
0.000	14.350	498.708	1.860	22.517	2.000	14.000	1.000	1.000	0.010
0.000	14.030	497.292	3.630	22.517	2.000	15.000	1.000	1.000	0.011
0.000	13.740	500.417	2.450	22.517	2.000	16.000	1.000	1.000	0.012
0.000	13.320	503.458	1.760	nan	2.000	17.000	1.000	1.000	0.013
0.000	12.680	506.625	0.000	22.367	2.000	18.000	0.000	1.000	0.014
0.000	12.430	508.958	1.370	21.917	2.000	19.000	0.000	1.000	0.014
0.000	11.810	511.083	1.370	21.917	2.000	20.000	0.000	1.000	0.015
0.000	11.390	512.583	0.880	21.777	2.000	21.000	0.000	1.000	0.016
0.000	10.830	514.167	1.270	21.357	2.000	22.000	0.000	1.000	0.017
0.000	10.730	515.375	1.180	21.357	2.000	23.000	0.000	1.000	0.018
0.000	10.510	515.208	1.080	nan	2.000	0.000	0.000	1.000	0.018
0.000	10.300	516.000	0.880	nan	2.000	1.000	0.000	1.000	0.019
0.000	10.320	516.708	0.690	21.295	2.000	2.000	0.000	1.000	0.020
1.000	10.230	517.000	0.690	21.733	2.000	3.000	0.000	1.000	0.021
1.000	10.050	517.167	1.370	21.733	2.000	4.000	0.000	1.000	0.022
1.000	9.580	517.833	1.960	nan	2.000	5.000	0.000	1.000	0.022
1.000	8.940	519.542	0.690	22.350	2.000	6.000	0.000	1.000	0.023
1.000	8.820	520.750	0.000	22.350	2.000	7.000	0.000	1.000	0.024
1.000	8.980	518.333	0.590	22.977	2.000	8.000	1.000	1.000	0.025
0.000	9.700	515.292	1.180	22.977	2.000	9.000	1.000	1.000	0.026
0.000	10.480	512.292	1.270	22.977	2.000	10.000	1.000	1.000	0.026
0.000	11.270	510.125	1.080	nan	2.000	11.000	1.000	1.000	0.027
0.000	11.940	508.125	0.590	22.977	2.000	12.000	1.000	1.000	0.028
0.000	13.180	507.875	0.490	22.977	2.000	13.000	1.000	1.000	0.029
0.000	13.190	507.833	1.180	22.977	2.000	14.000	1.000	1.000	0.030
0.000	13.330	507.333	1.960	22.977	2.000	15.000	1.000	1.000	0.030
0.000	12.580	509.750	1.960	22.977	2.000	16.000	1.000	1.000	0.031
0.000	11.960	514.125	1.270	22.824	2.000	17.000	1.000	1.000	0.032
0.000	11.630	516.958	2.250	22.367	2.000	18.000	0.000	1.000	0.033
0.000	11.480	518.958	1.370	22.367	2.000	19.000	0.000	1.000	0.034
0.000	11.130	519.875	1.860	21.849	2.000	20.000	0.000	1.000	0.034
0.000	11.450	520.667	1.860	21.677	2.000	21.000	0.000	1.000	0.035
0.000	11.300	521.000	3.920	21.543	2.000	22.000	0.000	1.000	0.036
0.000	11.070	521.292	0.000	21.143	2.000	23.000	0.000	1.000	0.037
0.000	10.860	522.000	0.000	nan	2.000	0.000	0.000	1.000	0.038
0.000	10.420	522.000	1.470	21.143	2.000	1.000	0.000	1.000	0.038
0.000	10.520	522.917	1.570	nan	2.000	2.000	0.000	1.000	0.039
1.000	10.730	523.708	3.630	nan	2.000	3.000	0.000	1.000	0.040
1.000	10.220	524.500	9.900	21.840	2.000	4.000	0.000	1.000	0.041
1.000	9.540	528.333	2.940	nan	2.000	5.000	0.000	1.000	0.042
1.000	9.500	528.833	3.820	22.570	2.000	6.000	0.000	1.000	0.042
1.000	9.350	528.875	5.100	22.570	2.000	7.000	0.000	1.000	0.043
1.000	9.180	526.792	4.410	nan	2.000	8.000	1.000	1.000	0.044
1.000	9.170	524.542	5.980	23.183	2.000	9.000	1.000	1.000	0.045
1.000	10.030	525.000	5.490	23.183	2.000	10.000	1.000	1.000	0.046
1.000	10.250	521.500	5.980	23.183	2.000	11.000	1.000	1.000	0.046
1.000	10.000	517.167	5.590	nan	2.000	12.000	1.000	1.000	0.047
1.000	11.660	515.042	7.350	nan	2.000	13.000	1.000	1.000	0.048
1.000	8.260	516.667	4.900	23.183	2.000	14.000	1.000	1.000	0.049
1.000	8.850	521.042	7.250	23.183	2.000	15.000	1.000	1.000	0.050
1.000	8.500	541.500	2.650	nan	2.000	16.000	1.000	1.000	0.050
0.000	8.100	568.333	2.840	nan	2.000	17.000	1.000	1.000	0.051
0.000	7.150	565.125	1.760	nan	2.000	18.000	0.000	1.000	0.052
0.000	6.760	564.000	5.780	nan	2.000	19.000	0.000	1.000	0.053
0.000	7.090	561.417	2.550	21.911	2.000	20.000	0.000	1.000	0.054
0.000	6.150	560.125	2.250	nan	2.000	21.000	0.000	1.000	0.054
0.000	6.400	561.125	2.450	21.566	2.000	22.000	0.000	1.000	0.055
0.000	6.100	559.167	1.760	nan	2.000	23.000	0.000	1.000	0.056
0.000	5.190	558.958	0.780	nan	2.000	0.000	0.000	1.000	0.057
0.000	5.410	558.375	2.450	20.965	2.000	1.000	0.000	1.000	0.058
0.000	5.850	556.875	1.470	21.352	2.000	2.000	0.000	1.000	0.058
1.000	5.810	555.833	1.760	21.603	2.000	3.000	0.000	1.000	0.059
1.000	5.570	556.417	1.570	nan	2.000	4.000	0.000	1.000	0.060
1.000	5.430	556.708	2.740	21.603	2.000	5.000	0.000	1.000	0.061
1.000	5.350	556.417	0.000	21.841	2.000	6.000	0.000	1.000	0.062
1.000	5.020	555.542	1.080	22.482	2.000	7.000	0.000	1.000	0.062
1.000	5.340	553.833	0.880	nan	2.000	8.000	1.000	1.000	0.063
1.000	6.030	550.933	0.880	22.977	2.000	9.000	1.000	1.000	0.064
0.000	6.150	545.712	1.960	22.977	2.000	10.000	1.000	1.000	0.065
0.000	7.120	538.917	2.350	22.977	2.000	11.000	1.000	1.000	0.065
0.000	8.880	537.958	2.250	22.977	2.000	12.000	1.000	1.000	0.066
0.000	11.280	531.583	1.080	22.977	2.000	13.000	1.000	1.000	0.067
0.000	10.870	511.100	2.160	nan	2.000	14.000	1.000	1.000	0.068
0.000	11.230	501.208	4.120	22.977	2.000	15.000	1.000	1.000	0.069
0.000	10.610	520.917	4.020	nan	2.000	16.000	1.000	1.000	0.069
0.000	9.590	511.208	3.230	23.527	2.000	17.000	1.000	1.000	0.070
0.000	7.460	534.833	1.860	22.983	2.000	18.000	0.000	1.000	0.071
0.000	6.070	550.920	0.690	22.843	2.000	19.000	0.000	1.000	0.072
0.000	5.290	557.333	1.180	22.423	2.000	20.000	0.000	1.000	0.073
0.000	4.820	559.947	1.270	21.948	2.000	21.000	0.000	1.000	0.073
0.000	4.210	561.295	0.000	21.790	2.000	22.000	0.000	1.000	0.074
0.000	4.330	561.861	2.060	21.463	2.000	23.000	0.000	1.000	0.075
0.000	3.960	560.977	2.160	21.137	2.000	0.000	0.000	2.000	0.076
0.000	4.120	559.917	2.350	20.883	2.000	1.000	0.000	2.000	0.077
0.000	3.880	560.472	2.740	21.170	2.000	2.000	0.000	2.000	0.077
1.000	3.600	559.981	3.720	21.535	2.000	3.000	0.000	2.000	0.078
1.000	3.500	560.100	4.410	nan	2.000	4.000	0.000	2.000	0.079
1.000	3.370	561.097	1.960	21.900	2.000	5.000	0.000	2.000	0.080
1.000	2.850	562.500	2.450	21.900	2.000	6.000	0.000	2.000	0.081
1.000	2.730	563.958	1.470	nan	2.000	7.000	0.000	2.000	0.081
1.000	2.640	560.417	1.960	22.777	2.000	8.000	1.000	2.000	0.082
1.000	3.590	556.667	1.470	23.027	2.000	9.000	1.000	2.000	0.083
0.000	7.540	554.042	1.860	23.027	2.000	10.000	1.000	2.000	0.084
0.000	11.120	548.208	2.940	23.027	2.000	11.000	1.000	2.000	0.085
0.000	15.530	541.750	2.250	23.027	2.000	12.000	1.000	2.000	0.085
0.000	17.150	535.167	2.060	nan	2.000	13.000	1.000	2.000	0.086
0.000	16.350	514.667	4.020	23.027	2.000	14.000	1.000	2.000	0.087
0.000	16.050	504.375	1.760	nan	2.000	15.000	0.000	2.000	0.088
0.000	15.630	508.667	6.570	23.027	2.000	16.000	0.000	2.000	0.089
0.000	13.640	519.042	2.740	23.027	2.000	17.000	0.000	2.000	0.089
0.000	11.870	536.250	1.270	23.027	2.000	18.000	0.000	2.000	0.090
0.000	9.870	550.208	1.760	nan	2.000	19.000	0.000	2.000	0.091
0.000	8.190	556.250	1.370	22.460	2.000	20.000	0.000	2.000	0.092
0.000	7.180	559.542	1.960	21.737	2.000	21.000	0.000	2.000	0.093
0.000	6.630	561.833	1.180	21.150	2.000	22.000	0.000	2.000	0.093
0.000	5.480	564.167	1.670	21.150	2.000	23.000	0.000	2.000	0.094
0.000	9.930	564.250	7.550	nan	2.000	0.000	0.000	0.000	0.095
0.000	11.090	563.083	7.940	21.150	2.000	1.000	0.000	0.000	0.096
0.000	11.480	560.875	8.230	nan	2.000	2.000	0.000	0.000	0.097
0.000	11.720	561.917	10.190	21.150	2.000	3.000	0.000	0.000	0.097
0.000	12.040	560.208	12.840	20.730	2.000	4.000	0.000	0.000	0.098
0.000	12.310	560.208	9.510	20.590	2.000	5.000	0.000	0.000	0.099
0.000	11.770	559.750	10.580	20.590	2.000	6.000	0.000	0.000	0.100
0.000	11.300	560.417	8.430	20.590	2.000	7.000	0.000	0.000	0.101
0.000	10.780	559.833	2.650	20.590	2.000	8.000	0.000	0.000	0.101
0.000	11.070	558.458	8.720	nan	2.000	9.000	0.000	0.000	0.102
0.000	13.150	553.625	9.510	20.590	2.000	10.000	0.000	0.000	0.103
0.000	14.290	549.458	9.600	20.590	2.000	11.000	0.000	0.000	0.104
0.000	14.910	546.292	11.070	20.590	2.000	12.000	0.000	0.000	0.105
0.000	13.510	540.083	9.310	20.590	2.000	13.000	0.000	0.000	0.105
0.000	14.930	524.583	7.350	20.590	2.000	14.000	0.000	0.000	0.106
0.000	15.140	531.292	6.960	20.590	2.000	15.000	0.000	0.000	0.107
0.000	14.650	542.500	6.570	20.590	2.000	16.000	0.000	0.000	0.108
0.000	14.430	549.125	6.760	20.590	2.000	17.000	0.000	0.000	0.109
0.000	16.620	552.375	16.860	20.590	2.000	18.000	0.000	0.000	0.109
0.000	15.810	552.208	7.940	20.590	2.000	19.000	0.000	0.000	0.110
0.000	15.050	551.292	3.920	20.590	2.000	20.000	0.000	0.000	0.111
0.000	11.800	551.083	10.490	20.590	2.000	21.000	0.000	0.000	0.112
0.000	8.350	589.250	2.450	nan	2.000	22.000	0.000	0.000	0.113
0.000	7.630	610.125	1.570	19.987	2.000	23.000	0.000	0.000	0.113
0.000	7.360	608.583	4.020	19.987	2.000	0.000	0.000	0.000	0.114
0.000	6.870	603.083	1.960	19.987	2.000	1.000	0.000	0.000	0.115
0.000	6.320	611.042	2.550	19.987	2.000	2.000	0.000	0.000	0.116
0.000	6.730	653.792	2.840	19.987	2.000	3.000	0.000	0.000	0.117
0.000	6.780	683.792	6.370	19.987	2.000	4.000	0.000	0.000	0.117
0.000	6.430	698.250	3.330	19.987	2.000	5.000	0.000	0.000	0.118
0.000	5.670	706.625	2.940	19.987	2.000	6.000	0.000	0.000	0.119
0.000	5.700	713.333	6.270	19.457	2.000	7.000	0.000	0.000	0.120
0.000	6.370	719.542	4.120	nan	2.000	8.000	0.000	0.000	0.121
0.000	5.860	718.208	1.860	19.280	2.000	9.000	0.000	0.000	0.121
0.000	9.800	727.833	5.490	nan	2.000	10.000	0.000	0.000	0.122
0.000	12.050	721.875	5.880	19.790	2.000	11.000	0.000	0.000	0.123
0.000	11.060	724.625	6.470	nan	2.000	12.000	0.000	0.000	0.124
0.000	10.570	721.542	5.490	19.790	2.000	13.000	0.000	0.000	0.125
0.000	11.650	725.083	5.100	19.790	2.000	14.000	0.000	0.000	0.125
0.000	11.560	722.125	3.530	19.790	2.000	15.000	0.000	0.000	0.126
0.000	11.420	721.208	4.210	19.790	2.000	16.000	0.000	0.000	0.127
0.000	10.560	723.125	1.370	19.790	2.000	17.000	0.000	0.000	0.128
0.000	9.570	715.000	3.720	19.790	2.000	18.000	0.000	0.000	0.129
0.000	10.160	719.958	3.040	19.790	2.000	19.000	0.000	0.000	0.129
0.000	10.700	738.542	3.330	19.790	2.000	20.000	0.000	0.000	0.130
0.000	11.180	731.083	4.510	19.665	2.000	21.000	0.000	0.000	0.131
0.000	11.790	741.417	4.700	19.290	2.000	22.000	0.000	0.000	0.132
0.000	12.000	742.375	8.620	19.290	2.000	23.000	0.000	0.000	0.133
0.000	11.790	737.750	7.150	20.216	2.000	0.000	0.000	1.000	0.133
1.000	11.660	735.042	10.880	20.726	2.000	1.000	0.000	1.000	0.134
1.000	11.570	740.250	7.640	21.022	2.000	2.000	0.000	1.000	0.135
1.000	11.900	739.458	8.330	21.527	2.000	3.000	0.000	1.000	0.136
1.000	12.080	742.583	9.410	21.527	2.000	4.000	0.000	1.000	0.137
1.000	12.170	743.875	10.680	21.527	2.000	5.000	0.000	1.000	0.137
1.000	12.130	742.125	6.760	21.891	2.000	6.000	0.000	1.000	0.138
1.000	15.710	754.792	10.980	nan	2.000	6.000	0.000	1.000	0.157
1.000	15.870	755.875	18.130	nan	2.000	7.000	0.000	1.000	0.158
1.000	16.100	753.875	9.310	22.982	2.000	8.000	1.000	1.000	0.159
1.000	16.140	751.792	16.270	nan	2.000	9.000	1.000	1.000	0.160
0.000	16.200	745.417	14.700	nan	2.000	10.000	1.000	1.000	0.161
0.000	16.350	743.042	15.970	22.593	2.000	11.000	1.000	1.000	0.161
0.000	17.310	744.792	11.270	22.593	2.000	12.000	1.000	1.000	0.162
0.000	15.090	729.375	5.680	nan	2.000	13.000	1.000	1.000	0.163
0.000	12.380	711.292	6.370	22.593	2.000	14.000	1.000	1.000	0.164
0.000	10.160	726.083	8.620	22.593	2.000	15.000	1.000	1.000	0.165
0.000	9.120	724.458	7.150	22.593	2.000	16.000	1.000	1.000	0.165
0.000	8.340	726.500	6.370	22.248	2.000	17.000	1.000	1.000	0.166
0.000	8.200	728.958	2.450	nan	2.000	18.000	0.000	1.000	0.167
0.000	8.140	730.375	5.980	nan	2.000	19.000	0.000	1.000	0.168
0.000	7.960	731.625	2.650	nan	2.000	20.000	0.000	1.000	0.169
0.000	8.090	551.917	6.960	21.337	2.000	21.000	0.000	1.000	0.169
0.000	7.560	551.833	8.530	21.187	2.000	22.000	0.000	1.000	0.170
0.000	7.600	552.333	8.720	nan	2.000	23.000	0.000	1.000	0.171
0.000	7.610	552.417	8.130	20.740	2.000	0.000	0.000	1.000	0.172
0.000	7.450	553.083	5.000	20.633	2.000	1.000	0.000	1.000	0.173
0.000	7.670	553.000	7.550	20.901	2.000	2.000	0.000	1.000	0.173
1.000	7.640	553.500	9.110	21.293	2.000	3.000	0.000	1.000	0.174
1.000	7.610	553.750	7.940	21.738	2.000	4.000	0.000	1.000	0.175
1.000	7.450	553.750	1.470	21.887	2.000	5.000	0.000	1.000	0.176
1.000	7.580	553.167	4.610	21.887	2.000	6.000	0.000	1.000	0.177
1.000	7.560	553.417	3.140	22.160	2.000	7.000	0.000	1.000	0.177
1.000	7.700	552.250	1.080	22.567	2.000	8.000	1.000	1.000	0.178
1.000	8.110	550.333	1.470	22.967	2.000	9.000	1.000	1.000	0.179
0.000	8.430	547.333	2.250	nan	2.000	10.000	1.000	1.000	0.180
0.000	8.510	545.250	2.740	nan	2.000	11.000	1.000	1.000	0.181
0.000	8.680	544.917	1.370	22.967	2.000	12.000	1.000	1.000	0.181
0.000	9.260	542.250	3.820	nan	2.000	13.000	1.000	1.000	0.182
0.000	8.340	543.083	6.470	nan	2.000	14.000	1.000	1.000	0.183
0.000	8.310	547.250	2.450	nan	2.000	15.000	1.000	1.000	0.184
0.000	8.160	546.667	1.760	22.967	2.000	16.000	1.000	1.000	0.185
0.000	7.350	545.833	1.370	nan	2.000	17.000	1.000	1.000	0.185
0.000	6.840	548.083	1.860	22.313	2.000	18.000	0.000	1.000	0.186
0.000	6.560	549.667	1.860	21.617	2.000	19.000	0.000	1.000	0.187
0.000	6.600	551.583	2.160	21.617	2.000	20.000	0.000	1.000	0.188
0.000	6.790	552.000	1.180	21.617	2.000	21.000	0.000	1.000	0.188
0.000	6.820	552.833	0.780	nan	2.000	22.000	0.000	1.000	0.189
0.000	6.980	553.083	0.200	20.747	2.000	23.000	0.000	1.000	0.190
0.000	7.180	552.333	1.270	20.747	2.000	0.000	0.000	1.000	0.191
0.000	7.360	552.417	1.760	20.747	2.000	1.000	0.000	1.000	0.192
0.000	8.500	552.500	2.550	nan	2.000	2.000	0.000	1.000	0.192
1.000	9.240	553.500	7.550	nan	2.000	3.000	0.000	1.000	0.193
1.000	9.060	552.083	5.780	nan	2.000	4.000	0.000	1.000	0.194
1.000	9.130	551.000	6.760	nan	2.000	5.000	0.000	1.000	0.195
1.000	8.890	551.417	7.450	nan	2.000	6.000	0.000	1.000	0.196
1.000	8.660	551.167	7.060	22.587	2.000	7.000	0.000	1.000	0.196
1.000	8.120	550.083	4.700	nan	2.000	8.000	1.000	1.000	0.197
1.000	8.010	549.917	2.550	23.193	2.000	9.000	1.000	1.000	0.198
0.000	8.410	549.083	1.470	23.193	2.000	10.000	1.000	1.000	0.199
0.000	9.410	546.083	4.900	22.892	2.000	11.000	1.000	1.000	0.200
0.000	10.390	540.500	5.880	22.590	2.000	12.000	1.000	1.000	0.200
0.000	10.060	537.000	4.610	nan	2.000	13.000	1.000	1.000	0.201
0.000	9.810	540.417	3.920	22.590	2.000	14.000	1.000	1.000	0.202
0.000	9.630	545.583	1.670	nan	2.000	15.000	1.000	1.000	0.203
0.000	9.990	545.333	2.940	22.590	2.000	16.000	1.000	1.000	0.204
0.000	9.480	545.500	1.570	22.590	2.000	17.000	1.000	1.000	0.204
0.000	8.680	545.750	0.000	22.440	2.000	18.000	0.000	1.000	0.205
0.000	8.290	548.000	0.780	21.990	2.000	19.000	0.000	1.000	0.206
0.000	7.660	549.667	1.270	21.847	2.000	20.000	0.000	1.000	0.207
0.000	7.710	552.583	0.780	nan	2.000	21.000	0.000	1.000	0.208
0.000	7.840	553.000	0.690	21.420	2.000	22.000	0.000	1.000	0.208
0.000	7.980	552.750	2.160	20.980	2.000	23.000	0.000	1.000	0.209
0.000	8.120	553.333	0.880	20.833	2.000	0.000	0.000	2.000	0.210
0.000	8.100	553.000	2.250	nan	2.000	1.000	0.000	2.000	0.211
0.000	8.300	552.833	1.270	nan	2.000	2.000	0.000	2.000	0.212
1.000	8.470	552.500	1.270	nan	2.000	3.000	0.000	2.000	0.212
1.000	8.830	552.750	2.450	nan	2.000	4.000	0.000	2.000	0.213
1.000	10.200	552.417	5.290	21.960	2.000	5.000	0.000	2.000	0.214
1.000	10.480	551.417	2.550	22.490	2.000	6.000	0.000	2.000	0.215
1.000	10.930	550.333	7.150	22.649	2.000	7.000	0.000	2.000	0.216
1.000	11.390	549.417	3.230	23.127	2.000	8.000	1.000	2.000	0.216
1.000	11.860	545.667	5.490	nan	2.000	9.000	1.000	2.000	0.217
0.000	12.890	543.833	0.690	23.127	2.000	10.000	1.000	2.000	0.218
0.000	13.090	540.667	1.670	23.127	2.000	11.000	1.000	2.000	0.219
0.000	13.250	540.167	2.450	23.127	2.000	12.000	1.000	2.000	0.220
0.000	12.100	542.333	8.040	23.127	2.000	13.000	1.000	2.000	0.220
0.000	12.730	544.167	2.250	nan	2.000	14.000	1.000	2.000	0.221
0.000	12.050	542.917	1.860	22.930	2.000	15.000	0.000	2.000	0.222
0.000	11.990	545.167	1.470	22.340	2.000	16.000	0.000	2.000	0.223
0.000	11.870	547.833	3.140	22.340	2.000	17.000	0.000	2.000	0.224
0.000	11.410	548.667	2.940	22.027	2.000	18.000	0.000	2.000	0.224
0.000	10.990	550.000	3.140	21.713	2.000	19.000	0.000	2.000	0.225
0.000	10.740	550.250	1.570	21.713	2.000	20.000	0.000	2.000	0.226
0.000	10.760	551.917	0.780	21.713	2.000	21.000	0.000	2.000	0.227
0.000	10.700	551.000	0.880	21.301	2.000	22.000	0.000	2.000	0.228
0.000	10.640	551.583	0.000	21.163	2.000	23.000	0.000	2.000	0.228
0.000	10.820	552.333	1.470	nan	2.000	0.000	0.000	0.000	0.229
0.000	10.990	552.083	1.370	20.647	2.000	1.000	0.000	0.000	0.230
0.000	11.020	552.333	0.880	20.647	2.000	2.000	0.000	0.000	0.231
0.000	11.180	552.250	0.000	20.647	2.000	3.000	0.000	0.000	0.232
0.000	11.910	552.417	1.470	nan	2.000	4.000	0.000	0.000	0.232
0.000	12.270	552.083	3.140	20.647	2.000	5.000	0.000	0.000	0.233
0.000	12.250	552.000	1.670	20.647	2.000	6.000	0.000	0.000	0.234
0.000	12.640	552.250	3.430	20.647	2.000	7.000	0.000	0.000	0.235
0.000	13.150	553.000	5.980	nan	2.000	8.000	0.000	0.000	0.236
0.000	13.430	550.000	1.670	20.647	2.000	9.000	0.000	0.000	0.236
0.000	15.960	547.167	2.160	20.647	2.000	10.000	0.000	0.000	0.237
0.000	18.590	544.750	1.960	20.905	2.000	11.000	0.000	0.000	0.238
0.000	19.820	538.333	3.630	nan	2.000	12.000	0.000	0.000	0.239
0.000	17.450	529.667	5.880	21.163	2.000	13.000	0.000	0.000	0.240
0.000	15.060	538.417	5.000	21.163	2.000	14.000	0.000	0.000	0.240
0.000	12.610	547.167	5.190	nan	2.000	15.000	0.000	0.000	0.241
0.000	12.310	551.167	3.230	21.163	2.000	16.000	0.000	0.000	0.242
0.000	12.240	553.583	1.960	nan	2.000	17.000	0.000	0.000	0.243
0.000	11.990	553.833	1.960	nan	2.000	18.000	0.000	0.000	0.244
0.000	11.570	555.000	3.630	20.520	2.000	19.000	0.000	0.000	0.244
0.000	10.900	556.167	2.060	nan	2.000	20.000	0.000	0.000	0.245
0.000	10.680	558.167	2.060	20.520	2.000	21.000	0.000	0.000	0.246
0.000	11.050	558.000	5.190	20.520	2.000	22.000	0.000	0.000	0.247
0.000	10.530	559.083	4.210	20.367	2.000	23.000	0.000	0.000	0.248
0.000	10.280	559.250	19.600	20.457	2.000	0.000	0.000	0.000	0.248
0.000	9.680	559.750	14.990	20.014	2.000	1.000	0.000	0.000	0.249
0.000	9.510	560.583	10.390	19.867	2.000	2.000	0.000	0.000	0.250
0.000	8.830	561.833	9.210	19.867	2.000	3.000	0.000	0.000	0.251
0.000	9.130	563.750	4.210	nan	2.000	4.000	0.000	0.000	0.252
0.000	9.000	563.417	3.530	19.867	2.000	5.000	0.000	0.000	0.252
0.000	7.120	564.250	2.550	19.867	2.000	6.000	0.000	0.000	0.253
0.000	6.540	566.500	1.860	19.867	2.000	7.000	0.000	0.000	0.254
0.000	6.720	567.000	2.550	19.867	2.000	8.000	0.000	0.000	0.255
0.000	9.240	566.333	2.740	19.867	2.000	9.000	0.000	0.000	0.256
0.000	10.110	563.333	4.210	19.867	2.000	10.000	0.000	0.000	0.256
0.000	8.990	559.583	10.580	19.292	2.000	11.000	0.000	0.000	0.257
0.000	6.680	560.083	17.440	19.100	2.000	12.000	0.000	0.000	0.258
0.000	5.930	563.667	13.130	nan	2.000	13.000	0.000	0.000	0.259
0.000	5.750	566.417	13.720	nan	2.000	14.000	0.000	0.000	0.260
0.000	5.530	568.083	7.840	19.100	2.000	15.000	0.000	0.000	0.260
0.000	6.040	568.917	4.610	19.100	2.000	16.000	0.000	0.000	0.261
0.000	6.310	569.500	5.490	19.100	2.000	17.000	0.000	0.000	0.262
0.000	6.160	569.250	5.780	19.100	2.000	18.000	0.000	0.000	0.263
0.000	5.910	569.167	8.130	19.100	2.000	19.000	0.000	0.000	0.264
0.000	5.190	569.250	7.250	nan	2.000	20.000	0.000	0.000	0.264
0.000	4.920	570.833	2.840	18.437	2.000	21.000	0.000	0.000	0.265
0.000	5.210	572.333	4.020	18.882	2.000	22.000	0.000	0.000	0.266
0.000	5.210	572.083	5.190	19.030	2.000	23.000	0.000	0.000	0.267
0.000	5.200	572.000	1.860	19.450	2.000	0.000	0.000	1.000	0.268
1.000	5.040	571.917	3.630	20.205	2.000	1.000	0.000	1.000	0.268
1.000	4.870	572.083	3.330	20.410	2.000	2.000	0.000	1.000	0.269
1.000	4.940	573.000	1.470	20.910	2.000	3.000	0.000	1.000	0.270
1.000	5.070	573.000	2.450	nan	2.000	4.000	0.000	1.000	0.271
1.000	5.290	573.167	2.740	21.225	2.000	5.000	0.000	1.000	0.272
1.000	4.720	573.750	3.720	21.540	2.000	6.000	0.000	1.000	0.272
1.000	4.340	573.583	3.530	21.540	2.000	7.000	0.000	1.000	0.273
1.000	5.080	572.833	1.470	nan	2.000	8.000	1.000	1.000	0.274
1.000	5.110	570.083	7.350	22.063	2.000	9.000	1.000	1.000	0.275
1.000	6.360	569.333	13.620	nan	2.000	10.000	1.000	1.000	0.276
1.000	7.550	565.417	11.470	nan	2.000	11.000	1.000	1.000	0.276
0.000	5.510	465.917	10.090	nan	2.000	12.000	1.000	1.000	0.277
0.000	6.710	562.417	9.900	22.063	2.000	13.000	1.000	1.000	0.278
0.000	4.890	564.000	8.620	nan	2.000	14.000	1.000	1.000	0.279
0.000	6.090	566.417	8.530	22.063	2.000	15.000	1.000	1.000	0.280
0.000	6.460	567.083	8.430	21.785	2.000	16.000	1.000	1.000	0.280
0.000	7.210	463.458	8.130	21.507	2.000	17.000	1.000	1.000	0.281
0.000	3.930	484.625	10.680	21.358	2.000	18.000	0.000	1.000	0.282
0.000	4.400	492.167	2.940	20.913	2.000	19.000	0.000	1.000	0.283
0.000	3.960	492.083	7.060	nan	2.000	20.000	0.000	1.000	0.284
0.000	3.830	492.417	3.530	20.577	2.000	21.000	0.000	1.000	0.284
0.000	3.570	493.333	5.100	nan	2.000	22.000	0.000	1.000	0.285
0.000	3.430	495.958	2.550	21.443	2.000	23.000	0.000	1.000	0.286
0.000	4.110	495.417	2.740	nan	2.000	0.000	0.000	1.000	0.287
0.000	3.510	495.625	2.650	21.443	2.000	1.000	0.000	1.000	0.288
0.000	3.080	497.167	1.270	21.443	2.000	2.000	0.000	1.000	0.288
1.000	4.190	497.167	7.450	21.443	2.000	3.000	0.000	1.000	0.289
1.000	3.510	498.042	3.530	21.938	2.000	4.000	0.000	1.000	0.290
1.000	2.810	500.042	2.350	22.103	2.000	5.000	0.000	1.000	0.291
1.000	2.820	500.500	2.740	22.103	2.000	6.000	0.000	1.000	0.292
1.000	2.630	500.708	2.740	22.103	2.000	7.000	0.000	1.000	0.292
1.000	2.660	499.667	1.370	22.408	2.000	8.000	1.000	1.000	0.293
1.000	4.710	488.958	1.960	22.713	2.000	9.000	1.000	1.000	0.294
1.000	5.310	484.208	5.780	22.713	2.000	10.000	1.000	1.000	0.295
1.000	5.750	473.333	9.410	23.193	2.000	11.000	1.000	1.000	0.296
1.000	6.590	473.966	9.210	23.353	2.000	12.000	1.000	1.000	0.296
0.000	6.700	470.083	6.080	22.617	2.000	13.000	1.000	1.000	0.297
0.000	6.310	464.250	5.590	nan	2.000	14.000	1.000	1.000	0.298
0.000	6.670	461.292	8.530	22.617	2.000	15.000	1.000	1.000	0.299
0.000	6.900	464.917	5.290	nan	2.000	16.000	1.000	1.000	0.300
0.000	6.210	479.417	4.120	22.327	2.000	17.000	1.000	1.000	0.300
0.000	5.340	490.750	1.960	21.903	2.000	18.000	0.000	1.000	0.301
0.000	4.580	500.250	1.080	21.500	2.000	19.000	0.000	1.000	0.302
0.000	4.410	502.833	0.980	21.035	2.000	20.000	0.000	1.000	0.303
0.000	2.910	504.875	1.670	20.880	2.000	21.000	0.000	1.000	0.304
0.000	1.480	508.083	2.250	20.400	2.000	22.000	0.000	1.000	0.304
0.000	1.180	510.542	2.060	nan	2.000	23.000	0.000	1.000	0.305
0.000	0.810	511.125	1.670	nan	2.000	0.000	0.000	1.000	0.306
1.000	1.060	510.375	0.000	21.407	2.000	1.000	0.000	1.000	0.307
1.000	0.400	511.708	0.000	nan	2.000	2.000	0.000	1.000	0.308
1.000	-0.370	513.958	0.980	21.407	2.000	3.000	0.000	1.000	0.308
1.000	-0.840	515.500	1.470	21.907	2.000	4.000	0.000	1.000	0.309
1.000	-0.850	517.292	1.570	21.907	2.000	5.000	0.000	1.000	0.310
1.000	-0.910	517.792	1.370	21.907	2.000	6.000	0.000	1.000	0.311
1.000	-0.940	518.167	1.370	21.907	2.000	7.000	0.000	1.000	0.312
1.000	-0.780	516.583	2.840	nan	2.000	8.000	1.000	1.000	0.312
1.000	1.340	506.417	2.250	22.697	2.000	9.000	1.000	1.000	0.313
1.000	4.700	496.750	2.740	22.697	2.000	10.000	1.000	1.000	0.314
1.000	7.930	490.792	2.740	22.968	2.000	11.000	1.000	1.000	0.315
1.000	8.940	484.042	7.060	23.240	2.000	12.000	1.000	1.000	0.315
0.000	9.850	477.000	4.510	23.077	2.000	13.000	1.000	1.000	0.316
0.000	10.600	462.167	5.490	nan	2.000	14.000	1.000	1.000	0.317
0.000	8.960	458.042	6.470	22.590	2.000	15.000	1.000	1.000	0.318
0.000	8.950	474.542	4.120	22.590	2.000	16.000	1.000	1.000	0.319
0.000	8.100	486.375	3.630	nan	2.000	17.000	1.000	1.000	0.319
0.000	7.670	498.417	2.940	21.830	2.000	18.000	0.000	1.000	0.320
0.000	7.510	502.917	2.160	21.243	2.000	19.000	0.000	1.000	0.321
0.000	7.190	503.625	2.160	21.243	2.000	20.000	0.000	1.000	0.322
0.000	5.230	505.208	1.860	20.657	2.000	21.000	0.000	1.000	0.323
0.000	6.020	506.833	3.140	nan	2.000	22.000	0.000	1.000	0.323
0.000	7.320	506.875	6.170	20.657	2.000	23.000	0.000	1.000	0.324
0.000	6.850	507.208	1.470	21.192	2.000	0.000	0.000	1.000	0.325
1.000	6.170	506.625	2.060	21.370	2.000	1.000	0.000	1.000	0.326
1.000	6.180	507.833	1.670	21.877	2.000	2.000	0.000	1.000	0.327
1.000	5.910	508.292	2.450	nan	2.000	3.000	0.000	1.000	0.327
1.000	6.120	507.917	4.210	22.553	2.000	4.000	0.000	1.000	0.328
1.000	6.110	508.583	2.550	22.553	2.000	5.000	0.000	1.000	0.329
1.000	5.670	509.250	4.410	22.553	2.000	6.000	0.000	1.000	0.330
1.000	5.550	510.208	5.000	22.553	2.000	7.000	0.000	1.000	0.331
1.000	5.710	509.292	4.120	22.835	2.000	8.000	1.000	1.000	0.331
1.000	5.560	506.583	2.550	23.117	2.000	9.000	1.000	1.000	0.332
1.000	5.770	501.583	3.040	23.117	2.000	10.000	1.000	1.000	0.333
1.000	6.330	493.208	7.250	nan	2.000	11.000	1.000	1.000	0.334
1.000	6.560	492.208	2.250	23.117	2.000	12.000	1.000	1.000	0.335
1.000	6.750	495.833	4.800	23.117	2.000	13.000	1.000	1.000	0.335
1.000	7.400	486.167	5.780	22.983	2.000	14.000	1.000	1.000	0.336
0.000	8.280	468.583	2.940	22.580	2.000	15.000	1.000	1.000	0.337
0.000	7.000	488.208	1.670	22.580	2.000	16.000	1.000	1.000	0.338
0.000	7.050	468.458	2.250	22.580	2.000	17.000	1.000	1.000	0.339
0.000	4.590	488.625	1.180	22.580	2.000	18.000	0.000	1.000	0.339
0.000	3.320	510.375	1.960	nan	2.000	19.000	0.000	1.000	0.340
0.000	3.130	516.875	1.080	nan	2.000	20.000	0.000	1.000	0.341
0.000	3.400	517.208	2.160	21.290	2.000	21.000	0.000	1.000	0.342
0.000	4.010	516.917	2.250	21.013	2.000	22.000	0.000	1.000	0.343
0.000	3.920	517.625	1.080	20.462	2.000	23.000	0.000	1.000	0.343
0.000	4.280	516.333	2.060	21.370	2.000	0.000	0.000	2.000	0.344
1.000	3.760	517.417	0.780	21.733	2.000	1.000	0.000	2.000	0.345
1.000	3.420	517.917	0.980	22.097	2.000	2.000	0.000	2.000	0.346
1.000	3.160	519.750	1.670	22.097	2.000	3.000	0.000	2.000	0.347
1.000	2.970	520.375	0.780	22.097	2.000	4.000	0.000	2.000	0.347
1.000	3.030	520.042	1.270	22.097	2.000	5.000	0.000	2.000	0.348
1.000	2.310	520.208	1.760	22.097	2.000	6.000	0.000	2.000	0.349
1.000	2.280	520.250	1.180	22.362	2.000	7.000	0.000	2.000	0.350
1.000	2.530	516.958	1.670	22.777	2.000	8.000	1.000	2.000	0.351
1.000	3.750	506.500	2.160	23.227	2.000	9.000	1.000	2.000	0.351
1.000	5.920	498.458	0.980	23.227	2.000	10.000	1.000	2.000	0.352
1.000	8.240	490.833	7.150	nan	2.000	11.000	1.000	2.000	0.353
1.000	11.920	482.542	6.370	23.227	2.000	12.000	1.000	2.000	0.354
1.000	9.920	482.792	2.840	nan	2.000	13.000	1.000	2.000	0.355
1.000	10.460	470.667	1.470	22.693	2.000	14.000	1.000	2.000	0.355
0.000	9.720	459.833	1.270	22.693	2.000	15.000	0.000	2.000	0.356
0.000	11.620	436.333	2.550	nan	2.000	16.000	0.000	2.000	0.357
0.000	10.250	472.161	4.210	23.247	2.000	17.000	0.000	2.000	0.358
0.000	7.710	490.792	2.250	22.957	2.000	18.000	0.000	2.000	0.359
0.000	5.770	517.417	0.000	22.163	2.000	19.000	0.000	2.000	0.359
0.000	4.610	522.875	1.570	21.902	2.000	20.000	0.000	2.000	0.360
0.000	4.040	525.458	0.880	21.640	2.000	21.000	0.000	2.000	0.361
0.000	3.550	526.583	0.980	nan	2.000	22.000	0.000	2.000	0.362
0.000	2.880	527.417	0.780	20.917	2.000	23.000	0.000	2.000	0.363
0.000	2.330	527.458	0.780	nan	2.000	0.000	0.000	0.000	0.363
0.000	1.980	527.958	0.000	20.509	2.000	1.000	0.000	0.000	0.364
0.000	1.270	528.542	1.570	20.373	2.000	2.000	0.000	0.000	0.365
0.000	1.100	529.125	1.180	20.062	2.000	3.000	0.000	0.000	0.366
0.000	0.910	529.500	1.180	19.750	2.000	4.000	0.000	0.000	0.367
0.000	1.510	529.708	0.780	19.750	2.000	5.000	0.000	0.000	0.367
0.000	1.210	530.458	1.270	19.750	2.000	6.000	0.000	0.000	0.368
0.000	0.920	531.125	1.760	19.750	2.000	7.000	0.000	0.000	0.369
0.000	1.190	527.833	0.980	19.140	2.000	8.000	0.000	0.000	0.370
0.000	4.220	517.792	1.960	19.140	2.000	9.000	0.000	0.000	0.371
0.000	8.400	505.542	2.450	19.473	2.000	10.000	0.000	0.000	0.371
0.000	11.600	498.042	2.840	19.807	2.000	11.000	0.000	0.000	0.372
0.000	13.860	491.125	2.550	19.807	2.000	12.000	0.000	0.000	0.373
0.000	16.500	480.958	3.040	19.807	2.000	13.000	0.000	0.000	0.374
0.000	18.450	464.208	4.310	20.194	2.000	14.000	0.000	0.000	0.375
0.000	18.620	436.417	2.550	20.607	2.000	15.000	0.000	0.000	0.375
0.000	18.370	435.375	0.980	nan	2.000	16.000	0.000	0.000	0.376
0.000	13.590	444.042	3.230	21.483	2.000	17.000	0.000	0.000	0.377
0.000	11.130	490.125	1.370	21.483	2.000	18.000	0.000	0.000	0.378
0.000	9.640	522.375	1.570	21.341	2.000	19.000	0.000	0.000	0.379
0.000	8.530	527.833	0.000	20.913	2.000	20.000	0.000	0.000	0.379
0.000	7.620	529.375	0.880	20.788	2.000	21.000	0.000	0.000	0.380
0.000	6.830	529.875	0.780	20.413	2.000	22.000	0.000	0.000	0.381
0.000	6.090	530.542	0.590	20.413	2.000	23.000	0.000	0.000	0.382
0.000	5.830	531.083	1.180	20.261	2.000	0.000	0.000	0.000	0.383
0.000	5.260	531.125	1.960	19.803	2.000	1.000	0.000	0.000	0.383
0.000	4.640	531.667	0.780	nan	2.000	2.000	0.000	0.000	0.384
0.000	4.260	531.500	2.450	19.803	2.000	3.000	0.000	0.000	0.385
0.000	3.720	531.208	3.630	19.371	2.000	4.000	0.000	0.000	0.386
0.000	4.150	531.208	2.650	19.227	2.000	5.000	0.000	0.000	0.387
0.000	3.560	533.125	1.370	19.227	2.000	6.000	0.000	0.000	0.387
0.000	3.080	533.792	2.940	19.227	2.000	7.000	0.000	0.000	0.388
0.000	2.590	531.500	0.490	19.227	2.000	8.000	0.000	0.000	0.389
0.000	5.270	522.417	2.060	nan	2.000	9.000	0.000	0.000	0.390
0.000	8.300	512.125	1.370	19.227	2.000	10.000	0.000	0.000	0.391
0.000	13.640	525.067	3.920	19.227	2.000	11.000	0.000	0.000	0.391
0.000	17.640	490.375	2.450	19.368	2.000	12.000	0.000	0.000	0.392
0.000	19.930	476.708	2.350	nan	2.000	13.000	0.000	0.000	0.393
0.000	21.650	460.958	6.170	19.793	2.000	14.000	0.000	0.000	0.394
0.000	21.460	432.625	3.430	20.463	2.000	15.000	0.000	0.000	0.395
0.000	20.390	431.583	3.530	nan	2.000	16.000	0.000	0.000	0.395
0.000	17.070	455.792	1.960	21.010	2.000	17.000	0.000	0.000	0.396
0.000	13.370	497.958	0.980	21.010	2.000	18.000	0.000	0.000	0.397
0.000	11.410	524.625	2.350	21.010	2.000	19.000	0.000	0.000	0.398
0.000	9.920	529.792	0.980	20.632	2.000	20.000	0.000	0.000	0.399
0.000	8.180	531.208	1.080	20.225	2.000	21.000	0.000	0.000	0.399
0.000	7.320	529.542	2.060	19.943	2.000	22.000	0.000	0.000	0.400
0.000	8.260	531.208	0.980	19.943	2.000	23.000	0.000	0.000	0.401
0.000	7.850	532.208	3.230	20.663	2.000	0.000	0.000	1.000	0.402
1.000	8.220	529.417	2.350	nan	2.000	1.000	0.000	1.000	0.403
1.000	7.610	526.083	2.350	21.565	2.000	2.000	0.000	1.000	0.403
1.000	8.910	524.917	3.630	21.827	2.000	3.000	0.000	1.000	0.404
1.000	8.470	525.167	1.370	21.827	2.000	4.000	0.000	1.000	0.405
1.000	7.940	527.500	1.860	21.827	2.000	5.000	0.000	1.000	0.406
1.000	7.550	529.833	2.250	nan	2.000	6.000	0.000	1.000	0.407
1.000	7.490	530.500	1.470	22.357	2.000	7.000	0.000	1.000	0.407
1.000	7.360	528.375	0.980	22.357	2.000	8.000	1.000	1.000	0.408
1.000	7.720	517.292	1.180	22.695	2.000	9.000	1.000	1.000	0.409
1.000	10.090	503.375	0.690	nan	2.000	10.000	1.000	1.000	0.410
1.000	13.730	491.542	1.760	23.033	2.000	11.000	1.000	1.000	0.411
1.000	13.770	482.750	0.980	23.033	2.000	12.000	1.000	1.000	0.411
1.000	17.400	475.375	2.940	nan	2.000	13.000	1.000	1.000	0.412
1.000	16.880	467.000	5.190	23.033	2.000	14.000	1.000	1.000	0.413
0.000	16.400	464.583	6.660	nan	2.000	15.000	1.000	1.000	0.414
0.000	14.470	473.364	3.230	nan	2.000	16.000	1.000	1.000	0.415
0.000	13.010	489.542	3.040	nan	2.000	17.000	1.000	1.000	0.415
0.000	11.810	507.167	3.530	nan	2.000	18.000	0.000	1.000	0.416
0.000	11.620	514.250	3.720	22.470	2.000	19.000	0.000	1.000	0.417
0.000	11.400	515.042	3.820	21.640	2.000	20.000	0.000	1.000	0.418
0.000	11.360	515.833	4.700	21.640	2.000	21.000	0.000	1.000	0.419
0.000	10.870	516.333	1.960	21.085	2.000	22.000	0.000	1.000	0.419
0.000	10.370	517.000	1.670	nan	2.000	23.000	0.000	1.000	0.420
0.000	10.030	517.542	4.510	21.453	2.000	0.000	0.000	1.000	0.421
1.000	9.780	519.000	7.060	nan	2.000	1.000	0.000	1.000	0.422
1.000	9.900	519.375	2.940	22.047	2.000	2.000	0.000	1.000	0.423
1.000	9.100	520.125	3.040	22.047	2.000	3.000	0.000	1.000	0.423
1.000	8.390	521.042	2.160	22.610	2.000	4.000	0.000	1.000	0.424
1.000	7.950	523.792	1.370	nan	2.000	5.000	0.000	1.000	0.425
1.000	8.060	523.583	1.470	22.610	2.000	6.000	0.000	1.000	0.426
1.000	8.230	522.792	1.370	23.163	2.000	7.000	0.000	1.000	0.427
1.000	8.810	519.167	1.370	23.163	2.000	8.000	1.000	1.000	0.427
0.000	10.380	508.500	3.330	23.163	2.000	9.000	1.000	1.000	0.428
0.000	13.030	500.667	6.270	23.163	2.000	10.000	1.000	1.000	0.429
0.000	15.000	491.917	6.960	23.163	2.000	11.000	1.000	1.000	0.430
0.000	15.520	483.542	8.720	23.163	2.000	12.000	1.000	1.000	0.431
0.000	14.590	486.042	6.570	23.163	2.000	13.000	1.000	1.000	0.431
0.000	14.510	487.458	5.980	nan	2.000	14.000	1.000	1.000	0.432
0.000	13.320	498.500	5.680	23.163	2.000	15.000	1.000	1.000	0.433
0.000	12.100	493.083	1.270	22.793	2.000	10.000	1.000	1.000	0.448
0.000	15.860	485.500	7.450	nan	2.000	11.000	1.000	1.000	0.449
0.000	15.140	476.042	4.210	nan	2.000	12.000	1.000	1.000	0.450
0.000	15.200	473.583	5.390	23.370	2.000	13.000	1.000	1.000	0.450
0.000	16.310	475.208	5.490	23.370	2.000	14.000	1.000	1.000	0.451
0.000	16.520	448.708	5.390	nan	2.000	15.000	1.000	1.000	0.452
0.000	14.890	443.792	4.020	23.370	2.000	16.000	1.000	1.000	0.453
0.000	13.820	478.875	4.510	23.370	2.000	17.000	1.000	1.000	0.454
0.000	13.060	506.125	3.530	23.370	2.000	18.000	0.000	1.000	0.454
0.000	12.390	515.292	3.430	22.922	2.000	19.000	0.000	1.000	0.455
0.000	11.440	517.708	5.880	22.773	2.000	20.000	0.000	1.000	0.456
0.000	9.570	518.250	1.180	21.920	2.000	21.000	0.000	1.000	0.457
0.000	9.670	520.708	2.250	21.920	2.000	22.000	0.000	1.000	0.458
0.000	9.300	522.333	1.670	nan	2.000	23.000	0.000	1.000	0.458
1.000	9.680	522.458	3.230	nan	2.000	0.000	0.000	1.000	0.459
1.000	9.040	522.708	5.000	22.613	2.000	1.000	0.000	1.000	0.460
1.000	8.950	524.958	4.610	22.613	2.000	2.000	0.000	1.000	0.461
1.000	8.770	525.333	3.820	nan	2.000	3.000	0.000	1.000	0.462
1.000	8.530	524.875	2.160	22.760	2.000	4.000	0.000	1.000	0.462
1.000	8.670	524.917	1.860	23.153	2.000	5.000	0.000	1.000	0.463
1.000	8.600	524.750	3.330	23.153	2.000	6.000	0.000	1.000	0.464
1.000	8.600	525.000	4.610	nan	2.000	7.000	0.000	1.000	0.465
1.000	8.750	522.917	3.530	23.153	2.000	8.000	1.000	1.000	0.466
0.000	10.020	516.250	2.450	nan	2.000	9.000	1.000	1.000	0.466
0.000	10.580	503.008	4.310	23.153	2.000	10.000	1.000	1.000	0.467
0.000	10.320	520.538	3.330	nan	2.000	11.000	1.000	1.000	0.468
0.000	10.110	522.399	3.330	23.153	2.000	12.000	1.000	1.000	0.469
0.000	10.400	503.333	9.700	23.153	2.000	13.000	1.000	1.000	0.470
0.000	10.020	503.708	7.740	nan	2.000	14.000	1.000	1.000	0.470
0.000	9.520	506.644	6.660	nan	2.000	15.000	1.000	1.000	0.471
0.000	9.280	513.250	10.190	23.153	2.000	16.000	1.000	1.000	0.472
0.000	9.150	513.958	3.630	23.153	2.000	17.000	1.000	1.000	0.473
0.000	8.840	520.208	2.250	22.703	2.000	18.000	0.000	1.000	0.474
0.000	8.440	522.917	1.960	22.553	2.000	19.000	0.000	1.000	0.474
0.000	8.030	524.542	3.430	22.424	2.000	20.000	0.000	1.000	0.475
0.000	7.890	525.875	1.080	22.037	2.000	21.000	0.000	1.000	0.476
0.000	7.770	527.208	0.980	21.572	2.000	22.000	0.000	1.000	0.477
0.000	7.720	527.500	1.270	21.417	2.000	23.000	0.000	1.000	0.478
1.000	7.570	527.750	1.270	nan	2.000	0.000	0.000	2.000	0.478
1.000	7.520	528.083	1.180	22.013	2.000	1.000	0.000	2.000	0.479
1.000	7.120	529.500	1.370	22.013	2.000	2.000	0.000	2.000	0.480
1.000	6.650	530.083	0.390	22.013	2.000	3.000	0.000	2.000	0.481
1.000	6.600	530.667	0.690	22.268	2.000	4.000	0.000	2.000	0.482
1.000	6.760	531.000	0.980	22.523	2.000	5.000	0.000	2.000	0.482
1.000	6.890	531.042	3.430	22.523	2.000	6.000	0.000	2.000	0.483
1.000	6.800	530.917	1.370	nan	2.000	7.000	0.000	2.000	0.484
1.000	7.600	526.542	4.610	22.523	2.000	8.000	1.000	2.000	0.485
0.000	10.800	512.583	7.740	23.050	2.000	9.000	1.000	2.000	0.486
0.000	11.660	496.125	8.230	nan	2.000	10.000	1.000	2.000	0.486
0.000	12.070	489.250	9.900	nan	2.000	11.000	1.000	2.000	0.487
0.000	14.160	492.500	7.550	23.050	2.000	12.000	1.000	2.000	0.488
0.000	13.350	476.333	4.610	23.050	2.000	13.000	1.000	2.000	0.489
0.000	13.330	475.458	2.160	23.050	2.000	14.000	1.000	2.000	0.490
0.000	13.850	489.417	2.840	22.919	2.000	15.000	0.000	2.000	0.490
0.000	13.670	497.625	2.650	nan	2.000	16.000	0.000	2.000	0.491
0.000	13.630	508.208	3.820	22.527	2.000	17.000	0.000	2.000	0.492
0.000	12.990	513.083	3.140	22.255	2.000	18.000	0.000	2.000	0.493
0.000	10.090	517.458	7.060	21.983	2.000	19.000	0.000	2.000	0.494
0.000	7.070	522.542	8.820	21.983	2.000	20.000	0.000	2.000	0.494
0.000	4.860	529.250	9.800	21.331	2.000	21.000	0.000	2.000	0.495
0.000	3.280	534.875	5.390	21.113	2.000	22.000	0.000	2.000	0.496
0.000	2.920	538.083	1.860	21.113	2.000	23.000	0.000	2.000	0.497
0.000	2.910	540.042	0.200	20.628	2.000	0.000	0.000	0.000	0.498
0.000	3.280	539.625	1.080	20.467	2.000	1.000	0.000	0.000	0.498
0.000	3.360	538.875	1.080	nan	2.000	2.000	0.000	0.000	0.499
0.000	5.280	539.083	5.880	nan	2.000	3.000	0.000	0.000	0.500
0.000	5.300	537.292	11.960	20.467	2.000	4.000	0.000	0.000	0.501
0.000	4.600	535.500	15.480	nan	2.000	5.000	0.000	0.000	0.502
0.000	5.920	536.125	8.330	19.967	2.000	6.000	0.000	0.000	0.502
0.000	5.930	534.583	16.270	19.967	2.000	7.000	0.000	0.000	0.503
0.000	5.820	533.958	13.620	19.967	2.000	8.000	0.000	0.000	0.504
0.000	5.770	532.875	13.330	nan	2.000	9.000	0.000	0.000	0.505
0.000	5.750	532.125	14.010	19.967	2.000	10.000	0.000	0.000	0.506
0.000	6.010	530.167	15.580	nan	2.000	11.000	0.000	0.000	0.506
0.000	5.850	529.750	14.600	19.967	2.000	12.000	0.000	0.000	0.507
0.000	5.360	529.458	17.540	nan	2.000	13.000	0.000	0.000	0.508
0.000	4.850	532.125	12.150	19.967	2.000	14.000	0.000	0.000	0.509
0.000	5.570	533.250	17.540	nan	2.000	15.000	0.000	0.000	0.510
0.000	5.330	534.583	12.450	19.967	2.000	16.000	0.000	0.000	0.510
0.000	5.480	535.167	13.920	19.967	2.000	17.000	0.000	0.000	0.511
0.000	6.030	535.583	5.290	19.519	2.000	18.000	0.000	0.000	0.512
0.000	7.820	534.167	9.600	19.370	2.000	19.000	0.000	0.000	0.513
0.000	9.110	531.167	8.330	19.370	2.000	20.000	0.000	0.000	0.514
0.000	8.840	530.667	6.270	19.370	2.000	21.000	0.000	0.000	0.514
0.000	8.150	531.792	2.160	19.370	2.000	22.000	0.000	0.000	0.515
0.000	8.300	532.625	2.740	19.370	2.000	23.000	0.000	0.000	0.516
0.000	8.320	533.583	4.800	19.370	2.000	0.000	0.000	0.000	0.517
0.000	8.060	533.917	5.680	nan	2.000	1.000	0.000	0.000	0.518
0.000	9.410	533.750	6.470	19.370	2.000	2.000	0.000	0.000	0.518
0.000	8.300	532.375	14.310	nan	2.000	3.000	0.000	0.000	0.519
0.000	9.010	533.750	11.170	19.370	2.000	4.000	0.000	0.000	0.520
0.000	9.000	533.083	6.470	nan	2.000	5.000	0.000	0.000	0.521
0.000	8.940	532.958	8.040	19.370	2.000	6.000	0.000	0.000	0.522
0.000	8.700	532.625	3.230	nan	2.000	7.000	0.000	0.000	0.522
0.000	8.750	532.417	6.080	19.370	2.000	8.000	0.000	0.000	0.523
0.000	8.700	531.750	6.470	19.370	2.000	9.000	0.000	0.000	0.524
0.000	8.770	530.042	5.490	19.370	2.000	10.000	0.000	0.000	0.525
0.000	8.800	526.000	2.940	19.370	2.000	11.000	0.000	0.000	0.526
0.000	8.560	529.083	6.370	19.370	2.000	12.000	0.000	0.000	0.526
0.000	9.360	506.208	5.190	19.370	2.000	13.000	0.000	0.000	0.527
0.000	8.840	514.708	2.250	nan	2.000	14.000	0.000	0.000	0.528
0.000	8.760	519.083	5.190	19.370	2.000	15.000	0.000	0.000	0.529
0.000	7.600	530.083	4.700	19.235	2.000	16.000	0.000	0.000	0.530
0.000	6.950	534.792	3.230	18.830	2.000	17.000	0.000	0.000	0.530
0.000	7.120	537.125	5.880	18.830	2.000	18.000	0.000	0.000	0.531
0.000	7.590	537.208	3.430	18.830	2.000	19.000	0.000	0.000	0.532
0.000	7.260	536.750	3.630	nan	2.000	20.000	0.000	0.000	0.533
0.000	7.470	537.167	5.390	nan	2.000	21.000	0.000	0.000	0.534
0.000	7.340	537.000	7.060	18.830	2.000	22.000	0.000	0.000	0.534
0.000	7.490	536.792	6.660	18.830	2.000	23.000	0.000	0.000	0.535
0.000	8.030	536.792	4.900	nan	2.000	0.000	0.000	1.000	0.536
1.000	8.170	536.417	8.430	19.443	2.000	1.000	0.000	1.000	0.537
1.000	8.250	536.792	5.390	19.443	2.000	2.000	0.000	1.000	0.538
1.000	8.060	537.625	4.210	nan	2.000	3.000	0.000	1.000	0.538
1.000	8.010	537.667	7.060	19.943	2.000	4.000	0.000	1.000	0.539
1.000	7.700	538.250	5.590	20.105	2.000	5.000	0.000	1.000	0.540
1.000	7.020	539.708	3.230	20.590	2.000	6.000	0.000	1.000	0.541
1.000	6.110	541.500	4.610	20.590	2.000	7.000	0.000	1.000	0.542
1.000	6.550	541.458	9.020	21.367	2.000	8.000	1.000	1.000	0.542
1.000	7.360	537.125	4.410	nan	2.000	9.000	1.000	1.000	0.543
1.000	7.830	528.833	8.330	nan	2.000	10.000	1.000	1.000	0.544
1.000	8.770	520.125	3.820	22.390	2.000	11.000	1.000	1.000	0.545
0.000	9.400	512.292	9.800	nan	2.000	12.000	1.000	1.000	0.546
0.000	9.560	506.458	8.040	nan	2.000	13.000	1.000	1.000	0.546
0.000	9.370	500.250	6.370	21.837	2.000	14.000	1.000	1.000	0.547
0.000	9.120	500.417	8.230	21.837	2.000	15.000	1.000	1.000	0.548
0.000	8.660	497.500	6.270	21.837	2.000	16.000	1.000	1.000	0.549
0.000	8.420	507.667	4.120	21.837	2.000	17.000	1.000	1.000	0.550
0.000	6.530	543.875	1.270	20.132	2.000	23.000	0.000	1.000	0.554
1.000	6.370	544.167	1.470	nan	3.000	0.000	0.000	1.000	0.555
1.000	6.380	543.458	0.000	22.440	3.000	8.000	1.000	1.000	0.562
1.000	8.550	532.375	0.590	22.440	3.000	9.000	1.000	1.000	0.562
1.000	12.600	517.000	4.610	23.140	3.000	10.000	1.000	1.000	0.563
1.000	12.260	502.583	4.310	23.140	3.000	11.000	1.000	1.000	0.564
1.000	13.330	493.792	3.630	23.140	3.000	12.000	1.000	1.000	0.565
0.000	14.500	491.708	3.820	23.140	3.000	13.000	1.000	1.000	0.565
0.000	15.020	488.390	3.820	nan	3.000	14.000	1.000	1.000	0.566
0.000	15.180	478.292	5.880	22.739	3.000	15.000	1.000	1.000	0.567
0.000	14.770	470.708	4.900	23.127	3.000	16.000	1.000	1.000	0.568
1.000	12.380	502.940	2.350	23.127	3.000	17.000	1.000	1.000	0.569
0.000	10.230	509.125	1.860	nan	3.000	18.000	0.000	1.000	0.569
0.000	8.370	542.083	1.760	nan	3.000	19.000	0.000	1.000	0.570
0.000	7.390	550.375	1.080	21.848	3.000	20.000	0.000	1.000	0.571
0.000	6.800	552.167	2.350	21.390	3.000	21.000	0.000	1.000	0.572
0.000	6.100	553.417	0.780	nan	3.000	22.000	0.000	1.000	0.573
0.000	6.240	553.167	0.780	21.390	3.000	23.000	0.000	1.000	0.573
1.000	6.190	552.583	1.760	nan	3.000	0.000	0.000	1.000	0.574
1.000	6.070	553.208	1.860	nan	3.000	1.000	0.000	1.000	0.575
1.000	7.010	552.875	1.180	nan	3.000	2.000	0.000	1.000	0.576
1.000	8.310	551.458	2.060	21.785	3.000	3.000	0.000	1.000	0.577
1.000	9.860	548.625	3.630	22.180	3.000	4.000	0.000	1.000	0.577
1.000	11.020	546.583	4.610	22.180	3.000	5.000	0.000	1.000	0.578
1.000	9.830	546.250	2.840	22.618	3.000	6.000	0.000	1.000	0.579
1.000	9.520	546.833	1.470	nan	3.000	7.000	0.000	1.000	0.580
1.000	9.770	546.000	3.630	22.763	3.000	8.000	1.000	1.000	0.581
1.000	10.360	542.625	4.510	23.022	3.000	9.000	1.000	1.000	0.581
1.000	10.670	540.167	6.760	23.280	3.000	10.000	1.000	1.000	0.582
1.000	11.460	535.333	8.430	23.280	3.000	11.000	1.000	1.000	0.583
1.000	10.760	527.208	10.680	23.280	3.000	12.000	1.000	1.000	0.584
0.000	10.680	529.083	12.050	23.280	3.000	13.000	1.000	1.000	0.585
0.000	10.920	522.167	11.660	nan	3.000	14.000	1.000	1.000	0.585
0.000	9.800	532.250	13.430	23.149	3.000	15.000	1.000	1.000	0.586
0.000	9.450	533.333	7.740	22.757	3.000	16.000	1.000	1.000	0.587
0.000	9.070	538.917	13.820	22.352	3.000	17.000	1.000	1.000	0.588
0.000	8.530	543.875	6.960	nan	3.000	18.000	0.000	1.000	0.589
0.000	8.040	546.667	5.880	21.463	3.000	19.000	0.000	1.000	0.589
0.000	8.060	548.625	7.350	nan	3.000	20.000	0.000	1.000	0.590
0.000	8.250	548.958	10.290	nan	3.000	21.000	0.000	1.000	0.591
0.000	8.410	549.375	2.550	20.937	3.000	22.000	0.000	1.000	0.592
0.000	7.870	550.375	4.900	nan	3.000	23.000	0.000	1.000	0.593
1.000	7.470	550.833	3.230	21.540	3.000	0.000	0.000	1.000	0.593
1.000	7.390	552.375	6.760	21.540	3.000	1.000	0.000	1.000	0.594
1.000	7.290	554.333	3.330	21.942	3.000	2.000	0.000	1.000	0.595
1.000	7.390	554.042	5.780	22.077	3.000	3.000	0.000	1.000	0.596
1.000	7.250	554.000	7.940	nan	3.000	4.000	0.000	1.000	0.597
1.000	7.100	554.000	7.640	22.077	3.000	5.000	0.000	1.000	0.597
1.000	6.980	554.542	7.640	22.669	3.000	6.000	0.000	1.000	0.598
1.000	6.910	555.292	10.780	22.867	3.000	7.000	0.000	1.000	0.599
1.000	7.110	551.500	6.660	nan	3.000	8.000	1.000	1.000	0.600
1.000	7.150	545.833	5.880	23.030	3.000	9.000	1.000	1.000	0.601
1.000	7.610	537.333	8.430	23.520	3.000	10.000	1.000	1.000	0.601
1.000	8.230	534.125	7.840	23.520	3.000	11.000	1.000	1.000	0.602
1.000	8.260	525.625	9.310	23.389	3.000	12.000	1.000	1.000	0.603
0.000	8.000	536.542	7.940	nan	3.000	13.000	1.000	1.000	0.604
0.000	8.030	542.500	8.920	22.997	3.000	14.000	1.000	1.000	0.605
0.000	7.910	545.167	9.210	22.997	3.000	15.000	1.000	1.000	0.605
0.000	8.220	546.708	7.940	22.607	3.000	16.000	1.000	1.000	0.606
0.000	8.200	546.542	7.640	22.163	3.000	17.000	1.000	1.000	0.607
0.000	8.150	548.583	7.740	21.770	3.000	18.000	0.000	1.000	0.608
0.000	8.200	551.833	0.390	21.770	3.000	19.000	0.000	1.000	0.609
0.000	7.950	552.625	1.180	21.170	3.000	20.000	0.000	1.000	0.609
0.000	7.920	553.417	0.000	21.170	3.000	21.000	0.000	1.000	0.610
0.000	7.680	554.542	0.000	21.170	3.000	22.000	0.000	1.000	0.611
0.000	7.180	557.000	0.000	20.838	3.000	23.000	0.000	1.000	0.612
1.000	6.920	557.125	0.000	21.117	3.000	0.000	0.000	2.000	0.613
1.000	6.860	557.417	1.370	nan	3.000	1.000	0.000	2.000	0.613
1.000	6.280	558.417	0.880	21.650	3.000	2.000	0.000	2.000	0.614
1.000	6.170	560.417	1.370	21.650	3.000	3.000	0.000	2.000	0.615
1.000	5.970	560.750	1.570	nan	3.000	4.000	0.000	2.000	0.616
1.000	6.370	560.083	1.370	22.407	3.000	5.000	0.000	2.000	0.617
1.000	6.300	557.583	0.290	22.407	3.000	6.000	0.000	2.000	0.617
1.000	6.420	558.333	2.940	22.407	3.000	7.000	0.000	2.000	0.618
1.000	7.660	567.747	5.780	nan	3.000	8.000	1.000	2.000	0.619
1.000	11.350	539.625	6.660	23.357	3.000	9.000	1.000	2.000	0.620
1.000	13.620	528.083	10.090	nan	3.000	10.000	1.000	2.000	0.621
1.000	14.300	510.375	8.620	nan	3.000	11.000	1.000	2.000	0.621
1.000	13.960	504.500	6.570	23.490	3.000	12.000	1.000	2.000	0.622
0.000	17.300	501.208	7.640	23.237	3.000	13.000	1.000	2.000	0.623
0.000	13.130	512.000	11.170	23.107	3.000	14.000	1.000	2.000	0.624
0.000	10.140	537.375	3.630	nan	3.000	15.000	0.000	2.000	0.625
0.000	8.490	549.167	9.210	22.720	3.000	16.000	0.000	2.000	0.625
0.000	7.500	554.542	10.580	22.123	3.000	17.000	0.000	2.000	0.626
0.000	6.460	557.000	11.560	21.952	3.000	18.000	0.000	2.000	0.627
0.000	6.090	560.667	7.550	nan	3.000	19.000	0.000	2.000	0.628
0.000	5.810	561.958	6.470	21.300	3.000	20.000	0.000	2.000	0.629
0.000	5.460	563.292	1.470	20.890	3.000	21.000	0.000	2.000	0.629
0.000	5.540	564.875	9.020	20.890	3.000	22.000	0.000	2.000	0.630
0.000	5.730	563.667	9.600	nan	3.000	23.000	0.000	2.000	0.631
0.000	4.270	564.333	8.040	20.373	3.000	0.000	0.000	0.000	0.632
0.000	4.570	567.750	2.840	nan	3.000	1.000	0.000	0.000	0.633
0.000	5.050	567.667	6.370	19.797	3.000	2.000	0.000	0.000	0.633
0.000	4.620	566.792	5.880	19.797	3.000	3.000	0.000	0.000	0.634
0.000	4.270	568.375	1.370	nan	3.000	4.000	0.000	0.000	0.635
0.000	4.680	568.208	3.230	19.660	3.000	5.000	0.000	0.000	0.636
0.000	5.120	567.875	8.040	19.250	3.000	6.000	0.000	0.000	0.637
0.000	4.790	567.083	6.470	19.250	3.000	7.000	0.000	0.000	0.637
0.000	4.820	567.125	6.270	19.250	3.000	8.000	0.000	0.000	0.638
0.000	4.570	565.208	7.940	19.250	3.000	9.000	0.000	0.000	0.639
0.000	4.950	563.708	8.430	19.250	3.000	10.000	0.000	0.000	0.640
0.000	4.390	553.625	7.740	19.250	3.000	11.000	0.000	0.000	0.641
0.000	5.480	549.833	6.270	19.250	3.000	12.000	0.000	0.000	0.641
0.000	5.950	553.333	1.570	19.250	3.000	13.000	0.000	0.000	0.642
0.000	5.460	554.417	11.170	nan	3.000	14.000	0.000	0.000	0.643
0.000	6.230	551.000	8.040	19.250	3.000	15.000	0.000	0.000	0.644
0.000	5.970	557.208	2.650	nan	3.000	16.000	0.000	0.000	0.645
0.000	5.590	561.375	7.060	18.815	3.000	17.000	0.000	0.000	0.645
0.000	4.380	566.333	6.760	18.670	3.000	18.000	0.000	0.000	0.646
0.000	4.670	569.447	8.130	18.670	3.000	19.000	0.000	0.000	0.647
0.000	4.780	570.333	7.060	18.670	3.000	20.000	0.000	0.000	0.648
0.000	4.410	571.000	4.210	18.670	3.000	21.000	0.000	0.000	0.649
0.000	4.830	571.250	4.120	18.670	3.000	22.000	0.000	0.000	0.649
0.000	4.680	571.417	7.640	nan	3.000	23.000	0.000	0.000	0.650
0.000	4.150	570.875	6.270	nan	3.000	0.000	0.000	0.000	0.651
0.000	3.950	572.333	7.550	18.670	3.000	1.000	0.000	0.000	0.652
0.000	4.050	573.417	7.060	18.670	3.000	2.000	0.000	0.000	0.653
0.000	4.120	573.583	5.980	18.670	3.000	3.000	0.000	0.000	0.653
0.000	3.470	574.330	7.250	18.670	3.000	4.000	0.000	0.000	0.654
0.000	3.390	574.500	4.020	18.539	3.000	5.000	0.000	0.000	0.655
0.000	3.080	576.500	6.270	18.147	3.000	6.000	0.000	0.000	0.656
0.000	1.740	575.792	2.250	nan	3.000	7.000	0.000	0.000	0.657
0.000	1.790	574.917	2.250	18.147	3.000	8.000	0.000	0.000	0.657
0.000	3.940	562.625	1.760	18.147	3.000	9.000	0.000	0.000	0.658
0.000	5.620	556.375	1.670	18.147	3.000	10.000	0.000	0.000	0.659
0.000	5.230	547.500	6.080	18.147	3.000	11.000	0.000	0.000	0.660
0.000	5.730	549.266	2.840	18.147	3.000	12.000	0.000	0.000	0.661
0.000	6.180	533.667	7.840	18.147	3.000	13.000	0.000	0.000	0.661
0.000	5.760	537.708	2.250	18.527	3.000	14.000	0.000	0.000	0.662
0.000	6.400	533.417	9.700	18.653	3.000	15.000	0.000	0.000	0.663
0.000	8.470	541.292	5.780	18.653	3.000	16.000	0.000	0.000	0.664
0.000	5.950	552.917	7.740	18.653	3.000	17.000	0.000	0.000	0.665
0.000	5.610	564.667	5.680	18.653	3.000	18.000	0.000	0.000	0.665
0.000	5.490	570.534	2.160	18.653	3.000	19.000	0.000	0.000	0.666
0.000	5.460	571.667	1.570	18.653	3.000	20.000	0.000	0.000	0.667
0.000	5.520	572.500	5.000	nan	3.000	21.000	0.000	0.000	0.668
0.000	5.350	573.250	4.510	18.302	3.000	22.000	0.000	0.000	0.669
0.000	5.640	573.583	2.350	18.117	3.000	23.000	0.000	0.000	0.669
0.000	5.420	574.167	0.690	17.970	3.000	0.000	0.000	1.000	0.670
1.000	5.240	574.917	1.860	17.970	3.000	1.000	0.000	1.000	0.671
1.000	5.280	575.042	1.470	nan	3.000	2.000	0.000	1.000	0.672
1.000	5.320	574.792	8.230	nan	3.000	3.000	0.000	1.000	0.673
1.000	4.620	575.667	5.680	17.970	3.000	4.000	0.000	1.000	0.673
1.000	4.670	577.375	1.960	nan	3.000	5.000	0.000	1.000	0.674
1.000	4.590	577.625	0.980	nan	3.000	6.000	0.000	1.000	0.675
1.000	4.510	578.250	1.470	nan	3.000	7.000	0.000	1.000	0.676
1.000	4.990	573.000	1.370	19.287	3.000	8.000	1.000	1.000	0.677
1.000	5.870	564.125	0.880	19.986	3.000	9.000	1.000	1.000	0.677
1.000	7.860	549.375	6.080	20.740	3.000	10.000	1.000	1.000	0.678
1.000	8.330	539.542	6.660	21.097	3.000	11.000	1.000	1.000	0.679
1.000	7.200	546.208	5.780	21.453	3.000	12.000	1.000	1.000	0.680
1.000	7.470	546.496	3.720	21.453	3.000	13.000	1.000	1.000	0.681
1.000	8.310	547.417	8.040	21.453	3.000	14.000	1.000	1.000	0.681
1.000	7.530	553.208	5.980	21.453	3.000	15.000	1.000	1.000	0.682
0.000	7.360	557.083	6.760	21.453	3.000	16.000	1.000	1.000	0.683
0.000	7.110	562.583	2.840	20.803	3.000	17.000	1.000	1.000	0.684
0.000	6.630	566.583	1.570	20.418	3.000	18.000	0.000	1.000	0.685
0.000	5.970	572.042	1.370	20.290	3.000	19.000	0.000	1.000	0.685
0.000	5.140	576.208	2.550	19.953	3.000	20.000	0.000	1.000	0.686
0.000	5.250	577.833	3.230	nan	3.000	21.000	0.000	1.000	0.687
0.000	5.330	578.208	2.650	19.110	3.000	22.000	0.000	1.000	0.688
0.000	4.980	578.208	5.100	19.110	3.000	23.000	0.000	1.000	0.688
1.000	4.530	580.417	2.350	nan	3.000	0.000	0.000	1.000	0.689
1.000	5.300	582.125	2.650	19.730	3.000	1.000	0.000	1.000	0.690
1.000	4.960	582.167	3.630	19.730	3.000	2.000	0.000	1.000	0.691
1.000	3.830	583.083	1.960	20.573	3.000	3.000	0.000	1.000	0.692
1.000	2.980	587.083	2.250	20.573	3.000	4.000	0.000	1.000	0.692
1.000	3.050	586.917	0.000	20.573	3.000	5.000	0.000	1.000	0.693
1.000	3.520	586.667	5.100	20.827	3.000	6.000	0.000	1.000	0.694
1.000	3.860	585.504	0.880	21.080	3.000	7.000	0.000	1.000	0.695
1.000	4.170	580.875	0.690	21.773	3.000	8.000	1.000	1.000	0.696
1.000	5.140	570.750	3.230	21.773	3.000	9.000	1.000	1.000	0.696
1.000	6.210	561.292	2.350	22.100	3.000	10.000	1.000	1.000	0.697
1.000	7.200	550.250	2.940	22.427	3.000	11.000	1.000	1.000	0.698
1.000	8.920	533.095	4.700	nan	3.000	12.000	1.000	1.000	0.699
1.000	9.890	548.167	4.510	22.427	3.000	13.000	1.000	1.000	0.700
0.000	9.150	539.375	2.350	22.427	3.000	14.000	1.000	1.000	0.700
0.000	11.070	527.083	3.040	22.427	3.000	15.000	1.000	1.000	0.701
0.000	11.030	538.625	7.060	nan	3.000	16.000	1.000	1.000	0.702
0.000	9.380	532.125	3.230	21.834	3.000	17.000	1.000	1.000	0.703
0.000	8.720	550.292	0.980	21.637	3.000	18.000	0.000	1.000	0.704
0.000	7.990	571.375	2.250	21.197	3.000	19.000	0.000	1.000	0.704
0.000	8.100	576.292	2.060	20.787	3.000	20.000	0.000	1.000	0.705
0.000	7.290	578.458	1.470	20.523	3.000	21.000	0.000	1.000	0.706
0.000	7.220	579.833	0.880	20.395	3.000	22.000	0.000	1.000	0.707
0.000	7.470	580.458	2.940	20.010	3.000	23.000	0.000	1.000	0.708
1.000	7.570	581.125	4.610	20.010	3.000	0.000	0.000	1.000	0.708
1.000	7.540	581.000	1.760	20.345	3.000	1.000	0.000	1.000	0.709
1.000	7.600	580.917	4.020	20.680	3.000	2.000	0.000	1.000	0.710
1.000	7.240	581.917	1.080	20.955	3.000	3.000	0.000	1.000	0.711
1.000	6.900	582.917	1.080	21.230	3.000	4.000	0.000	1.000	0.712
1.000	6.730	584.292	1.760	21.230	3.000	5.000	0.000	1.000	0.712
1.000	6.690	585.250	1.180	21.398	3.000	6.000	0.000	1.000	0.713
1.000	7.380	584.625	4.410	21.900	3.000	7.000	0.000	1.000	0.714
1.000	7.420	581.583	5.390	22.032	3.000	8.000	1.000	1.000	0.715
1.000	7.590	577.292	6.860	22.430	3.000	9.000	1.000	1.000	0.716
1.000	8.020	596.992	4.900	22.805	3.000	10.000	1.000	1.000	0.716
1.000	8.620	580.976	13.030	22.930	3.000	11.000	1.000	1.000	0.717
1.000	10.140	555.000	8.040	nan	3.000	12.000	1.000	1.000	0.718
0.000	9.180	542.583	5.390	22.403	3.000	13.000	1.000	1.000	0.719
0.000	6.810	545.250	8.920	22.403	3.000	14.000	1.000	1.000	0.720
0.000	6.340	559.917	11.070	22.403	3.000	15.000	1.000	1.000	0.720
0.000	6.450	573.083	7.450	22.236	3.000	16.000	1.000	1.000	0.721
0.000	6.710	561.792	9.510	21.733	3.000	17.000	1.000	1.000	0.722
0.000	6.230	573.333	10.390	nan	3.000	18.000	0.000	1.000	0.723
0.000	5.470	581.125	12.050	nan	3.000	19.000	0.000	1.000	0.724
0.000	6.210	585.750	9.210	nan	3.000	20.000	0.000	1.000	0.724
0.000	5.790	586.125	5.100	nan	3.000	21.000	0.000	1.000	0.725
0.000	5.850	586.417	3.330	nan	3.000	22.000	0.000	1.000	0.726
0.000	5.460	588.458	3.720	20.053	3.000	23.000	0.000	1.000	0.727
1.000	5.470	590.667	4.020	nan	3.000	0.000	0.000	1.000	0.728
1.000	4.150	591.750	8.720	20.557	3.000	1.000	0.000	1.000	0.728
1.000	4.750	593.583	4.900	20.557	3.000	2.000	0.000	1.000	0.729
1.000	4.720	592.583	6.760	20.962	3.000	3.000	0.000	1.000	0.730
1.000	5.170	593.333	4.020	21.097	3.000	4.000	0.000	1.000	0.731
1.000	6.090	593.125	5.680	nan	3.000	5.000	0.000	1.000	0.732
1.000	5.620	591.917	6.470	21.512	3.000	6.000	0.000	1.000	0.732
1.000	6.340	591.250	12.050	21.650	3.000	7.000	0.000	1.000	0.733
1.000	6.250	589.750	4.800	22.040	3.000	8.000	1.000	1.000	0.734
1.000	6.960	585.917	3.530	nan	3.000	9.000	1.000	1.000	0.735
1.000	6.470	582.420	7.740	22.813	3.000	10.000	1.000	1.000	0.736
1.000	7.410	569.458	4.800	22.813	3.000	11.000	1.000	1.000	0.736
1.000	8.250	561.417	5.680	22.813	3.000	12.000	1.000	1.000	0.737
0.000	9.280	559.625	8.230	22.813	3.000	13.000	1.000	1.000	0.738
0.000	8.180	559.167	5.680	nan	3.000	14.000	1.000	1.000	0.739
0.000	8.090	568.042	5.880	22.177	3.000	15.000	1.000	1.000	0.740
0.000	8.150	576.792	6.760	22.177	3.000	16.000	1.000	1.000	0.740
0.000	7.510	579.125	7.940	nan	3.000	17.000	1.000	1.000	0.741
0.000	7.130	583.625	3.630	nan	3.000	18.000	0.000	1.000	0.742
0.000	7.450	587.125	3.820	21.420	3.000	19.000	0.000	1.000	0.743
0.000	7.380	589.000	3.140	20.973	3.000	20.000	0.000	1.000	0.744
0.000	6.980	591.083	5.190	20.553	3.000	21.000	0.000	1.000	0.744
0.000	6.180	593.167	2.740	nan	3.000	22.000	0.000	1.000	0.745
0.000	6.780	594.083	2.250	nan	3.000	23.000	0.000	1.000	0.746
1.000	6.980	594.083	3.140	20.573	3.000	0.000	0.000	2.000	0.747
1.000	6.520	593.750	2.650	20.863	3.000	1.000	0.000	2.000	0.748
1.000	6.390	594.292	3.820	20.863	3.000	2.000	0.000	2.000	0.748
1.000	6.210	595.417	2.740	nan	3.000	3.000	0.000	2.000	0.749
1.000	5.900	597.042	2.160	nan	3.000	4.000	0.000	2.000	0.750
1.000	5.860	596.708	0.980	21.633	3.000	5.000	0.000	2.000	0.751
1.000	5.520	598.500	2.450	nan	3.000	6.000	0.000	2.000	0.752
1.000	5.850	599.667	2.250	nan	3.000	7.000	0.000	2.000	0.752
1.000	6.660	594.167	1.760	nan	3.000	8.000	1.000	2.000	0.753
1.000	7.410	582.417	1.180	22.670	3.000	9.000	1.000	2.000	0.754
1.000	8.660	578.083	7.150	23.015	3.000	10.000	1.000	2.000	0.755
1.000	8.400	577.500	6.370	23.360	3.000	11.000	1.000	2.000	0.756
1.000	9.280	562.167	4.700	23.078	3.000	12.000	1.000	2.000	0.756
0.000	8.810	562.667	5.100	22.797	3.000	13.000	1.000	2.000	0.757
0.000	9.390	561.250	5.980	22.797	3.000	14.000	1.000	2.000	0.758
0.000	9.520	561.542	5.100	22.503	3.000	15.000	0.000	2.000	0.759
0.000	9.080	554.208	5.590	22.210	3.000	16.000	0.000	2.000	0.760
0.000	8.570	573.958	3.920	21.643	3.000	17.000	0.000	2.000	0.760
0.000	8.320	587.167	3.530	nan	3.000	18.000	0.000	2.000	0.761
0.000	7.860	592.750	2.550	21.043	3.000	19.000	0.000	2.000	0.762
0.000	7.720	594.625	0.980	20.780	3.000	20.000	0.000	2.000	0.763
0.000	7.940	595.583	3.430	nan	3.000	21.000	0.000	2.000	0.764
0.000	7.560	596.958	1.670	20.517	3.000	22.000	0.000	2.000	0.764
0.000	7.250	597.708	1.760	nan	3.000	23.000	0.000	2.000	0.765
0.000	6.270	599.750	0.000	20.127	3.000	0.000	0.000	0.000	0.766
0.000	6.150	601.000	2.350	19.997	3.000	1.000	0.000	0.000	0.767
0.000	5.970	602.000	1.470	19.997	3.000	2.000	0.000	0.000	0.768
0.000	6.100	602.375	1.180	19.492	3.000	3.000	0.000	0.000	0.768
0.000	6.030	602.667	0.000	19.323	3.000	4.000	0.000	0.000	0.769
0.000	5.950	603.208	0.000	19.323	3.000	5.000	0.000	0.000	0.770
0.000	6.090	603.792	0.000	nan	3.000	6.000	0.000	0.000	0.771
0.000	6.000	604.042	0.590	19.323	3.000	7.000	0.000	0.000	0.772
0.000	6.250	602.833	0.000	19.323	3.000	8.000	0.000	0.000	0.772
0.000	6.890	596.458	0.000	19.323	3.000	9.000	0.000	0.000	0.773
0.000	7.780	584.583	4.610	19.323	3.000	10.000	0.000	0.000	0.774
0.000	8.340	576.958	4.510	19.323	3.000	11.000	0.000	0.000	0.775
0.000	8.830	558.208	4.310	19.323	3.000	12.000	0.000	0.000	0.776
0.000	9.090	548.083	7.640	19.323	3.000	13.000	0.000	0.000	0.776
0.000	8.990	561.885	6.760	19.323	3.000	14.000	0.000	0.000	0.777
0.000	9.590	554.625	3.820	nan	3.000	15.000	0.000	0.000	0.778
0.000	8.820	568.583	3.230	nan	3.000	16.000	0.000	0.000	0.779
0.000	8.420	581.333	2.450	nan	3.000	17.000	0.000	0.000	0.780
0.000	7.810	591.208	0.980	nan	3.000	18.000	0.000	0.000	0.780
0.000	7.230	598.667	0.000	19.240	3.000	19.000	0.000	0.000	0.781
0.000	6.970	600.292	0.880	nan	3.000	20.000	0.000	0.000	0.782
0.000	6.950	601.375	0.000	19.240	3.000	21.000	0.000	0.000	0.783
0.000	6.650	602.458	0.000	19.240	3.000	22.000	0.000	0.000	0.784
0.000	6.710	604.083	1.470	19.240	3.000	23.000	0.000	0.000	0.784
0.000	6.320	605.042	0.000	19.240	3.000	0.000	0.000	0.000	0.785
0.000	6.230	605.792	0.000	19.240	3.000	1.000	0.000	0.000	0.786
0.000	6.090	606.750	1.270	19.240	3.000	2.000	0.000	0.000	0.787
0.000	6.120	607.042	2.550	nan	3.000	3.000	0.000	0.000	0.788
0.000	6.130	607.667	1.760	nan	3.000	4.000	0.000	0.000	0.788
0.000	5.770	608.083	2.250	18.660	3.000	5.000	0.000	0.000	0.789
0.000	5.730	609.250	1.860	18.660	3.000	6.000	0.000	0.000	0.790
0.000	5.940	608.417	2.250	18.660	3.000	7.000	0.000	0.000	0.791
0.000	7.180	600.958	2.450	18.660	3.000	8.000	0.000	0.000	0.792
0.000	8.320	581.917	2.550	18.660	3.000	9.000	0.000	0.000	0.792
0.000	10.230	565.458	5.000	18.660	3.000	10.000	0.000	0.000	0.793
0.000	10.620	561.792	5.980	nan	3.000	11.000	0.000	0.000	0.794
0.000	11.280	557.833	5.190	18.660	3.000	12.000	0.000	0.000	0.795
0.000	11.660	555.208	7.450	19.213	3.000	13.000	0.000	0.000	0.796
0.000	11.420	547.417	8.230	nan	3.000	14.000	0.000	0.000	0.796
0.000	10.720	543.583	6.860	19.213	3.000	15.000	0.000	0.000	0.797
0.000	9.910	540.417	6.660	nan	3.000	16.000	0.000	0.000	0.798
0.000	9.850	561.292	7.060	19.213	3.000	17.000	0.000	0.000	0.799
0.000	8.590	572.125	3.140	19.213	3.000	18.000	0.000	0.000	0.800
0.000	8.100	597.333	3.230	19.213	3.000	19.000	0.000	0.000	0.800
0.000	7.850	602.333	2.650	19.080	3.000	20.000	0.000	0.000	0.801
0.000	7.900	605.542	2.650	nan	3.000	21.000	0.000	0.000	0.802
0.000	6.640	606.750	4.120	18.680	3.000	22.000	0.000	0.000	0.803
0.000	5.960	607.750	2.650	18.680	3.000	23.000	0.000	0.000	0.804
1.000	5.810	609.125	3.140	18.996	3.000	0.000	0.000	1.000	0.804
1.000	5.450	611.292	1.270	19.178	3.000	1.000	0.000	1.000	0.805
1.000	4.720	614.875	0.980	19.563	3.000	2.000	0.000	1.000	0.806
1.000	4.230	617.833	0.590	19.563	3.000	3.000	0.000	1.000	0.807
1.000	4.130	617.292	2.060	20.330	3.000	4.000	0.000	1.000	0.808
1.000	4.510	616.125	0.000	20.330	3.000	5.000	0.000	1.000	0.808
1.000	4.600	616.208	1.270	20.330	3.000	6.000	0.000	1.000	0.809
1.000	4.900	615.875	1.370	nan	3.000	7.000	0.000	1.000	0.810
1.000	5.250	612.208	0.690	21.272	3.000	8.000	1.000	1.000	0.811
1.000	6.090	603.292	0.490	21.697	3.000	9.000	1.000	1.000	0.812
1.000	7.190	590.208	0.490	21.835	3.000	10.000	1.000	1.000	0.812
1.000	8.180	578.458	0.980	nan	3.000	11.000	1.000	1.000	0.813
1.000	9.260	555.917	1.270	22.250	3.000	12.000	1.000	1.000	0.814
1.000	9.170	559.625	3.820	22.000	3.000	13.000	1.000	1.000	0.815
0.000	9.060	560.792	2.060	21.750	3.000	14.000	1.000	1.000	0.815
0.000	9.820	556.083	3.720	21.750	3.000	15.000	1.000	1.000	0.816
0.000	9.750	543.292	4.700	nan	3.000	16.000	1.000	1.000	0.817
0.000	9.310	560.468	4.410	21.750	3.000	17.000	1.000	1.000	0.818
1.000	8.980	524.417	3.630	nan	3.000	18.000	0.000	1.000	0.819
0.000	8.040	596.333	2.250	21.463	3.000	19.000	0.000	1.000	0.819
0.000	6.790	611.250	1.370	20.981	3.000	20.000	0.000	1.000	0.820
0.000	6.040	614.917	2.160	nan	3.000	21.000	0.000	1.000	0.821
0.000	5.080	618.458	1.470	20.257	3.000	22.000	0.000	1.000	0.822
0.000	4.010	620.958	0.000	20.107	3.000	23.000	0.000	1.000	0.823
0.000	3.400	623.292	1.270	nan	3.000	0.000	0.000	1.000	0.823
1.000	3.010	624.833	2.160	20.920	3.000	1.000	0.000	1.000	0.824
1.000	2.800	624.667	1.270	20.920	3.000	2.000	0.000	1.000	0.825
1.000	2.120	625.750	0.000	20.920	3.000	3.000	0.000	1.000	0.826
1.000	1.410	626.542	2.450	20.920	3.000	4.000	0.000	1.000	0.827
1.000	1.700	628.375	1.670	nan	3.000	5.000	0.000	1.000	0.827
1.000	1.640	628.750	1.670	21.567	3.000	6.000	0.000	1.000	0.828
1.000	1.000	628.917	1.470	21.567	3.000	7.000	0.000	1.000	0.829
1.000	2.760	617.875	1.270	nan	3.000	8.000	1.000	1.000	0.830
1.000	6.900	601.375	1.760	22.200	3.000	9.000	1.000	1.000	0.831
1.000	10.170	588.500	3.720	nan	3.000	10.000	1.000	1.000	0.831
1.000	13.260	578.250	4.210	22.750	3.000	11.000	1.000	1.000	0.832
1.000	15.070	570.667	3.140	nan	3.000	12.000	1.000	1.000	0.833
0.000	15.770	562.667	2.740	22.750	3.000	13.000	1.000	1.000	0.834
0.000	16.740	553.625	2.940	22.750	3.000	14.000	1.000	1.000	0.835
0.000	18.060	527.750	4.020	22.750	3.000	15.000	1.000	1.000	0.835
0.000	15.400	529.000	5.100	22.750	3.000	16.000	1.000	1.000	0.836
0.000	13.660	530.542	3.040	22.750	3.000	17.000	1.000	1.000	0.837
0.000	12.220	528.500	2.450	22.750	3.000	18.000	0.000	1.000	0.838
0.000	9.670	600.167	1.570	22.233	3.000	19.000	0.000	1.000	0.839
0.000	8.380	616.750	1.180	22.233	3.000	20.000	0.000	1.000	0.839
0.000	7.140	621.208	0.000	21.647	3.000	21.000	0.000	1.000	0.840
0.000	6.330	623.167	0.000	nan	3.000	22.000	0.000	1.000	0.841
0.000	5.780	619.125	1.180	nan	3.000	23.000	0.000	1.000	0.842
1.000	6.400	618.750	1.180	21.227	3.000	0.000	0.000	1.000	0.843
1.000	6.550	621.292	0.880	21.547	3.000	1.000	0.000	1.000	0.843
1.000	6.290	620.125	2.060	nan	3.000	2.000	0.000	1.000	0.844
1.000	5.800	621.875	0.690	22.063	3.000	3.000	0.000	1.000	0.845
1.000	5.490	623.125	1.670	22.063	3.000	4.000	0.000	1.000	0.846
1.000	7.620	620.833	4.020	22.063	3.000	5.000	0.000	1.000	0.847
1.000	8.230	618.375	3.920	22.063	3.000	6.000	0.000	1.000	0.847
1.000	8.730	615.167	6.270	22.627	3.000	7.000	0.000	1.000	0.848
1.000	8.940	609.833	2.650	22.766	3.000	8.000	1.000	1.000	0.849
1.000	10.050	595.852	3.530	23.183	3.000	9.000	1.000	1.000	0.850
1.000	10.390	588.917	5.680	nan	3.000	10.000	1.000	1.000	0.851
1.000	9.310	589.375	4.800	23.183	3.000	11.000	1.000	1.000	0.851
0.000	11.630	567.708	4.700	23.183	3.000	12.000	1.000	1.000	0.852
0.000	11.090	560.333	4.510	23.183	3.000	13.000	1.000	1.000	0.853
0.000	9.500	583.708	3.720	23.183	3.000	14.000	1.000	1.000	0.854
0.000	8.380	597.208	5.190	23.038	3.000	15.000	1.000	1.000	0.855
0.000	8.500	602.000	4.900	nan	3.000	16.000	1.000	1.000	0.855
0.000	8.920	603.042	3.920	nan	3.000	17.000	1.000	1.000	0.856
0.000	7.610	606.417	5.000	22.441	3.000	18.000	0.000	1.000	0.857
0.000	7.180	609.917	1.960	21.953	3.000	19.000	0.000	1.000	0.858
0.000	6.770	611.917	3.330	21.568	3.000	20.000	0.000	1.000	0.859
0.000	6.560	613.792	2.060	nan	3.000	21.000	0.000	1.000	0.859
0.000	5.920	615.542	1.080	21.123	3.000	22.000	0.000	1.000	0.860
0.000	5.190	617.875	0.980	20.807	3.000	23.000	0.000	1.000	0.861
1.000	4.830	620.375	1.570	21.310	3.000	0.000	0.000	1.000	0.862
1.000	4.980	621.250	1.670	21.310	3.000	1.000	0.000	1.000	0.863
1.000	4.380	621.750	1.270	nan	3.000	2.000	0.000	1.000	0.863
1.000	3.710	625.042	0.290	21.560	3.000	3.000	0.000	1.000	0.864
1.000	3.860	624.500	0.590	21.810	3.000	4.000	0.000	1.000	0.865
1.000	3.780	623.542	1.180	21.810	3.000	5.000	0.000	1.000	0.866
1.000	3.520	623.708	0.690	nan	3.000	6.000	0.000	1.000	0.867
1.000	3.450	625.375	1.860	nan	3.000	7.000	0.000	1.000	0.867
1.000	3.920	614.542	1.270	nan	3.000	8.000	1.000	1.000	0.868
1.000	6.050	597.958	1.080	23.007	3.000	9.000	1.000	1.000	0.869
1.000	7.430	577.667	1.180	23.007	3.000	10.000	1.000	1.000	0.870
0.000	9.060	565.792	1.960	23.007	3.000	11.000	1.000	1.000	0.871
0.000	9.810	561.909	4.020	23.007	3.000	12.000	1.000	1.000	0.871
0.000	10.900	547.000	5.100	23.007	3.000	13.000	1.000	1.000	0.872
0.000	10.510	548.750	2.940	23.007	3.000	14.000	1.000	1.000	0.873
0.000	9.570	588.875	4.900	23.007	3.000	15.000	1.000	1.000	0.874
0.000	9.790	556.500	5.190	23.007	3.000	16.000	1.000	1.000	0.875
0.000	9.200	539.000	3.140	23.007	3.000	17.000	1.000	1.000	0.875
0.000	8.620	587.875	1.960	nan	3.000	18.000	0.000	1.000	0.876
0.000	7.400	606.458	1.080	nan	3.000	19.000	0.000	1.000	0.877
0.000	6.420	613.750	2.450	22.228	3.000	20.000	0.000	1.000	0.878
0.000	4.780	620.208	0.000	21.843	3.000	21.000	0.000	1.000	0.879
0.000	4.390	622.375	0.000	21.343	3.000	22.000	0.000	1.000	0.879
0.000	3.920	622.833	0.000	21.343	3.000	23.000	0.000	1.000	0.880
1.000	2.950	625.458	0.780	21.343	3.000	0.000	0.000	2.000	0.881
1.000	2.400	627.750	0.000	21.658	3.000	1.000	0.000	2.000	0.882
1.000	2.260	629.250	2.650	nan	3.000	2.000	0.000	2.000	0.883
1.000	2.540	627.167	2.250	nan	3.000	3.000	0.000	2.000	0.883
1.000	3.000	626.167	0.780	nan	3.000	4.000	0.000	2.000	0.884
1.000	3.010	624.958	1.960	21.973	3.000	5.000	0.000	2.000	0.885
1.000	3.260	625.208	1.370	22.348	3.000	6.000	0.000	2.000	0.886
1.000	3.390	624.083	1.960	22.473	3.000	7.000	0.000	2.000	0.887
1.000	4.180	615.792	2.550	nan	3.000	8.000	1.000	2.000	0.887
1.000	7.780	601.958	2.250	23.270	3.000	9.000	1.000	2.000	0.888
1.000	9.400	593.417	3.720	nan	3.000	10.000	1.000	2.000	0.889
1.000	12.440	579.958	4.700	23.270	3.000	11.000	1.000	2.000	0.890
0.000	12.990	567.000	5.100	23.270	3.000	12.000	1.000	2.000	0.891
0.000	12.830	558.667	4.410	nan	3.000	13.000	1.000	2.000	0.891
0.000	12.750	541.375	3.530	23.270	3.000	14.000	1.000	2.000	0.892
0.000	12.550	547.917	5.880	nan	3.000	15.000	0.000	2.000	0.893
0.000	11.910	557.958	5.290	nan	3.000	16.000	0.000	2.000	0.894
0.000	11.430	579.333	4.800	22.697	3.000	17.000	0.000	2.000	0.895
0.000	11.000	591.792	2.740	nan	3.000	18.000	0.000	2.000	0.895
0.000	10.460	602.875	1.470	21.960	3.000	19.000	0.000	2.000	0.896
0.000	9.380	606.583	2.350	nan	3.000	20.000	0.000	2.000	0.897
0.000	8.480	611.375	1.180	nan	3.000	21.000	0.000	2.000	0.898
0.000	8.480	610.958	0.880	nan	3.000	22.000	0.000	2.000	0.899
0.000	8.380	610.708	1.570	nan	3.000	23.000	0.000	2.000	0.899
0.000	8.240	610.583	0.290	21.103	3.000	0.000	0.000	0.000	0.900
0.000	8.000	611.000	0.490	20.787	3.000	1.000	0.000	0.000	0.901
0.000	8.070	611.042	0.690	nan	3.000	2.000	0.000	0.000	0.902
0.000	8.450	611.333	2.160	20.787	3.000	3.000	0.000	0.000	0.903
0.000	8.440	609.542	1.760	20.787	3.000	4.000	0.000	0.000	0.903
0.000	9.840	606.333	2.450	nan	3.000	5.000	0.000	0.000	0.904
0.000	9.570	604.917	2.160	20.787	3.000	6.000	0.000	0.000	0.905
0.000	11.260	604.083	4.410	20.787	3.000	7.000	0.000	0.000	0.906
0.000	11.780	596.542	6.170	20.787	3.000	8.000	0.000	0.000	0.907
0.000	12.620	588.500	6.270	20.349	3.000	9.000	0.000	0.000	0.907
0.000	12.530	579.667	4.800	20.203	3.000	10.000	0.000	0.000	0.908
0.000	12.440	583.833	3.040	20.203	3.000	11.000	0.000	0.000	0.909
0.000	11.920	580.458	2.160	20.203	3.000	12.000	0.000	0.000	0.910
0.000	11.180	577.583	1.960	20.203	3.000	13.000	0.000	0.000	0.911
0.000	11.260	582.458	0.000	20.203	3.000	14.000	0.000	0.000	0.911
0.000	11.100	584.500	2.060	nan	3.000	15.000	0.000	0.000	0.912
0.000	10.340	589.333	2.650	20.203	3.000	16.000	0.000	0.000	0.913
0.000	9.980	596.667	3.230	20.203	3.000	17.000	0.000	0.000	0.914
0.000	9.830	603.208	2.840	nan	3.000	18.000	0.000	0.000	0.915
0.000	9.780	606.833	1.670	20.203	3.000	19.000	0.000	0.000	0.915
0.000	9.580	608.708	1.570	nan	3.000	20.000	0.000	0.000	0.916
0.000	9.260	609.458	0.000	20.203	3.000	21.000	0.000	0.000	0.917
0.000	9.080	610.042	0.000	20.203	3.000	22.000	0.000	0.000	0.918
0.000	8.890	610.625	1.080	19.801	3.000	23.000	0.000	0.000	0.919
0.000	8.700	612.333	0.780	19.667	3.000	0.000	0.000	0.000	0.919
0.000	8.380	612.500	2.550	19.667	3.000	1.000	0.000	0.000	0.920
0.000	7.940	615.083	1.470	19.667	3.000	2.000	0.000	0.000	0.921
0.000	7.750	616.833	1.180	19.667	3.000	3.000	0.000	0.000	0.922
0.000	7.470	617.875	2.840	19.667	3.000	4.000	0.000	0.000	0.923
0.000	6.930	617.708	1.470	19.667	3.000	5.000	0.000	0.000	0.923
0.000	7.030	617.958	1.080	nan	3.000	6.000	0.000	0.000	0.924
0.000	7.110	616.625	2.060	19.667	3.000	7.000	0.000	0.000	0.925
0.000	8.080	608.458	1.470	19.667	3.000	8.000	0.000	0.000	0.926
0.000	9.420	592.292	1.180	19.667	3.000	9.000	0.000	0.000	0.927
0.000	11.680	573.792	1.960	19.667	3.000	10.000	0.000	0.000	0.927
0.000	14.910	558.500	2.740	19.667	3.000	11.000	0.000	0.000	0.928
0.000	16.240	562.268	10.390	20.052	3.000	12.000	0.000	0.000	0.929
0.000	16.340	546.792	2.060	20.180	3.000	13.000	0.000	0.000	0.930
0.000	16.530	554.083	2.160	20.180	3.000	14.000	0.000	0.000	0.931
0.000	14.500	553.583	4.510	20.180	3.000	15.000	0.000	0.000	0.931
0.000	13.690	556.208	2.250	nan	3.000	16.000	0.000	0.000	0.932
0.000	13.770	554.042	2.550	20.180	3.000	17.000	0.000	0.000	0.933
0.000	12.650	569.167	1.370	20.180	3.000	18.000	0.000	0.000	0.934
0.000	10.600	598.875	1.960	nan	3.000	19.000	0.000	0.000	0.935
1.000	9.340	610.292	1.370	20.180	3.000	20.000	0.000	0.000	0.935
1.000	8.430	614.125	0.980	20.180	3.000	21.000	0.000	0.000	0.936
1.000	8.260	614.583	0.000	20.180	3.000	22.000	0.000	0.000	0.937
1.000	8.060	613.042	0.780	nan	3.000	23.000	0.000	0.000	0.938
1.000	7.910	613.833	1.270	20.257	3.000	0.000	0.000	1.000	0.938
1.000	7.980	614.458	0.980	20.709	3.000	1.000	0.000	1.000	0.939
1.000	7.910	615.750	0.390	20.860	3.000	2.000	0.000	1.000	0.940
1.000	8.060	614.875	1.370	20.860	3.000	3.000	0.000	1.000	0.941
1.000	8.140	615.333	2.650	21.613	3.000	4.000	0.000	1.000	0.942
1.000	7.950	614.833	1.370	21.613	3.000	5.000	0.000	1.000	0.942
1.000	8.220	614.292	0.000	21.613	3.000	6.000	0.000	1.000	0.943
1.000	8.480	612.167	0.000	nan	3.000	7.000	0.000	1.000	0.944
1.000	10.160	597.708	0.000	22.465	3.000	8.000	1.000	1.000	0.945
1.000	11.680	582.500	1.670	22.790	3.000	9.000	1.000	1.000	0.946
1.000	13.830	563.042	3.720	nan	3.000	10.000	1.000	1.000	0.946
0.000	14.060	577.157	2.450	22.790	3.000	11.000	1.000	1.000	0.947
0.000	12.670	558.000	3.230	22.790	3.000	12.000	1.000	1.000	0.948
0.000	13.550	558.000	3.530	22.790	3.000	13.000	1.000	1.000	0.949
0.000	13.740	552.083	5.190	nan	3.000	14.000	1.000	1.000	0.950
0.000	13.380	550.125	6.570	22.790	3.000	15.000	1.000	1.000	0.950
0.000	13.040	545.583	5.490	22.790	3.000	16.000	1.000	1.000	0.951
0.000	11.880	551.500	5.390	nan	3.000	17.000	1.000	1.000	0.952
0.000	10.790	591.667	3.530	22.207	3.000	18.000	0.000	1.000	0.953
0.000	10.180	605.042	1.270	22.207	3.000	19.000	0.000	1.000	0.954
0.000	10.010	608.000	2.450	21.540	3.000	20.000	0.000	1.000	0.954
0.000	9.870	609.250	0.980	21.540	3.000	21.000	0.000	1.000	0.955
0.000	9.620	609.875	1.960	21.389	3.000	22.000	0.000	1.000	0.956
0.000	9.300	611.125	2.060	nan	3.000	23.000	0.000	1.000	0.957
1.000	9.380	610.417	2.940	nan	3.000	0.000	0.000	1.000	0.958
1.000	9.360	610.750	3.630	21.657	3.000	1.000	0.000	1.000	0.958
1.000	9.430	610.625	1.760	nan	3.000	2.000	0.000	1.000	0.959
1.000	9.430	611.000	2.060	21.789	3.000	3.000	0.000	1.000	0.960
1.000	9.480	611.000	1.860	22.187	3.000	4.000	0.000	1.000	0.961
1.000	9.480	610.667	2.550	nan	3.000	5.000	0.000	1.000	0.962
1.000	9.530	611.167	2.550	nan	3.000	6.000	0.000	1.000	0.962
1.000	9.640	609.958	1.470	22.743	3.000	7.000	0.000	1.000	0.963
1.000	10.410	600.833	4.800	22.743	3.000	8.000	1.000	1.000	0.964
0.000	9.850	594.417	6.080	22.743	3.000	9.000	1.000	1.000	0.965
0.000	9.990	597.500	4.900	22.743	3.000	10.000	1.000	1.000	0.966
0.000	10.630	581.792	4.610	nan	3.000	11.000	1.000	1.000	0.966
0.000	12.250	568.708	7.060	nan	3.000	12.000	1.000	1.000	0.967
0.000	11.560	563.333	6.470	22.743	3.000	13.000	1.000	1.000	0.968
0.000	11.500	562.125	7.060	22.743	3.000	14.000	1.000	1.000	0.969
0.000	11.000	568.375	4.800	22.743	3.000	15.000	1.000	1.000	0.970
0.000	10.020	577.083	7.150	22.743	3.000	16.000	1.000	1.000	0.970
0.000	9.490	590.625	3.920	22.743	3.000	17.000	1.000	1.000	0.971
0.000	9.000	601.375	3.630	nan	3.000	18.000	0.000	1.000	0.972
0.000	8.600	607.875	3.230	21.880	3.000	19.000	0.000	1.000	0.973
0.000	8.470	610.083	3.820	21.520	3.000	20.000	0.000	1.000	0.974
0.000	8.310	611.250	3.330	21.373	3.000	21.000	0.000	1.000	0.974
0.000	8.050	612.708	2.740	20.933	3.000	22.000	0.000	1.000	0.975
0.000	8.120	613.542	2.250	20.933	3.000	23.000	0.000	1.000	0.976
1.000	8.110	614.583	3.330	21.371	3.000	0.000	0.000	2.000	0.977
1.000	7.960	614.792	2.250	21.517	3.000	1.000	0.000	2.000	0.978
1.000	8.040	615.042	3.040	21.517	3.000	2.000	0.000	2.000	0.978
1.000	8.310	614.542	3.040	nan	3.000	3.000	0.000	2.000	0.979
1.000	8.260	614.500	2.450	22.197	3.000	4.000	0.000	2.000	0.980
1.000	8.440	615.167	3.040	nan	3.000	5.000	0.000	2.000	0.981
1.000	8.690	615.875	1.860	nan	3.000	6.000	0.000	2.000	0.982
1.000	9.370	613.042	6.270	nan	3.000	7.000	0.000	2.000	0.982
1.000	9.820	603.958	5.190	22.885	3.000	8.000	1.000	2.000	0.983
0.000	10.900	586.648	5.490	22.920	3.000	9.000	1.000	2.000	0.984
0.000	10.000	591.042	7.740	nan	3.000	10.000	1.000	2.000	0.985
0.000	11.720	569.375	8.430	nan	3.000	11.000	1.000	2.000	0.986
0.000	12.870	559.792	9.210	nan	3.000	12.000	1.000	2.000	0.986
0.000	11.780	555.750	7.740	22.920	3.000	13.000	1.000	2.000	0.987
0.000	11.600	563.292	6.960	22.920	3.000	14.000	1.000	2.000	0.988
0.000	11.270	565.792	9.310	22.920	3.000	15.000	0.000	2.000	0.989
0.000	11.410	537.750	7.550	22.920	3.000	16.000	0.000	2.000	0.990
0.000	11.200	510.708	5.780	nan	3.000	17.000	0.000	2.000	0.990
0.000	10.380	535.792	2.940	nan	3.000	18.000	0.000	2.000	0.991
0.000	8.710	600.292	1.270	22.794	3.000	19.000	0.000	2.000	0.992
0.000	8.590	611.750	0.980	nan	3.000	20.000	0.000	2.000	0.993
0.000	8.400	615.375	1.180	21.857	3.000	21.000	0.000	2.000	0.994
0.000	7.600	616.750	1.370	21.857	3.000	22.000	0.000	2.000	0.994
0.000	7.450	615.917	2.350	21.290	3.000	23.000	0.000	2.000	0.995
1.000	7.480	615.292	1.570	21.290	3.000	0.000	0.000	0.000	0.996
1.000	6.970	616.375	1.370	21.290	3.000	1.000	0.000	0.000	0.997
1.000	5.930	617.792	0.780	21.012	3.000	2.000	0.000	0.000	0.998
1.000	5.340	621.125	0.000	20.733	3.000	3.000	0.000	0.000	0.998
1.000	5.200	621.917	0.000	20.733	3.000	4.000	0.000	0.000	0.999
1.000	5.160	622.583	0.690	20.733	3.000	5.000	0.000	0.000	1.000
