1	13.23	507	4.31	21.973	2	1	0	1	0
1	13.4	507.708	4.02	21.96614	2	2	0	1	0.001
1	13.29	508.125	4.12	21.973	2	3	0	1	0.002
1	12.99	509.125	4.51	21.973	2	4	0	1	0.002
1	12.06	509.875	0.98	22.02765	2	5	0	1	0.003
1	11.13	510.375	0.39	22.114	2	6	0	1	0.004
1	10.69	510.708	0	22.60613	2	7	0	1	0.005
1	10.23	510.333	0	23.08	2	8	1	1	0.006
1	10.95	508.625	0	23.08	2	9	1	1	0.006
0	11.85	505.333	0.49	22.92306	2	10	1	1	0.007
0	12.56	504	0.88	22.72727	2	11	1	1	0.008
0	13.8	501.812	0.69	22.517	2	12	1	1	0.009
0	14.1	499.4	2.06	22.517	2	13	1	1	0.01
0	14.35	498.708	1.86	22.517	2	14	1	1	0.01
0	14.03	497.292	3.63	22.517	2	15	1	1	0.011
0	13.74	500.417	2.45	22.517	2	16	1	1	0.012
0	13.32	503.458	1.76	22.45513	2	17	1	1	0.013
0	12.68	506.625	0	22.367	2	18	0	1	0.014
0	12.43	508.958	1.37	21.917	2	19	0	1	0.014
0	11.81	511.083	1.37	21.917	2	20	0	1	0.015
0	11.39	512.583	0.88	21.777	2	21	0	1	0.016
0	10.83	514.167	1.27	21.357	2	22	0	1	0.017
0	10.73	515.375	1.18	21.357	2	23	0	1	0.018
0	10.51	515.208	1.08	21.28841	2	0	0	1	0.018
0	10.3	516	0.88	21.26565	2	1	0	1	0.019
0	10.32	516.708	0.69	21.295	2	2	0	1	0.02
1	10.23	517	0.69	21.733	2	3	0	1	0.021
1	10.05	517.167	1.37	21.733	2	4	0	1	0.022
1	9.58	517.833	1.96	22.03722	2	5	0	1	0.022
1	8.94	519.542	0.69	22.35	2	6	0	1	0.023
1	8.82	520.75	0	22.35	2	7	0	1	0.024
1	8.98	518.333	0.59	22.977	2	8	1	1	0.025
0	9.7	515.292	1.18	22.977	2	9	1	1	0.026
0	10.48	512.292	1.27	22.977	2	10	1	1	0.026
0	11.27	510.125	1.08	22.9897	2	11	1	1	0.027
0	11.94	508.125	0.59	22.977	2	12	1	1	0.028
0	13.18	507.875	0.49	22.977	2	13	1	1	0.029
0	13.19	507.833	1.18	22.977	2	14	1	1	0.03
0	13.33	507.333	1.96	22.977	2	15	1	1	0.03
0	12.58	509.75	1.96	22.977	2	16	1	1	0.031
0	11.96	514.125	1.27	22.824	2	17	1	1	0.032
0	11.63	516.958	2.25	22.367	2	18	0	1	0.033
0	11.48	518.958	1.37	22.367	2	19	0	1	0.034
0	11.13	519.875	1.86	21.849	2	20	0	1	0.034
0	11.45	520.667	1.86	21.677	2	21	0	1	0.035
0	11.3	521	3.92	21.543	2	22	0	1	0.036
0	11.07	521.292	0	21.143	2	23	0	1	0.037
0	10.86	522	0	21.10846	2	0	0	1	0.038
0	10.42	522	1.47	21.143	2	1	0	1	0.038
0	10.52	522.917	1.57	21.32798	2	2	0	1	0.039
1	10.73	523.708	3.63	21.56531	2	3	0	1	0.04
1	10.22	524.5	9.9	21.84	2	4	0	1	0.041
1	9.54	528.333	2.94	22.20685	2	5	0	1	0.042
1	9.5	528.833	3.82	22.57	2	6	0	1	0.042
1	9.35	528.875	5.1	22.57	2	7	0	1	0.043
1	9.18	526.792	4.41	22.89011	2	8	1	1	0.044
1	9.17	524.542	5.98	23.183	2	9	1	1	0.045
1	10.03	525	5.49	23.183	2	10	1	1	0.046
1	10.25	521.5	5.98	23.183	2	11	1	1	0.046
1	10	517.167	5.59	23.21519	2	12	1	1	0.047
1	11.66	515.042	7.35	23.21582	2	13	1	1	0.048
1	8.26	516.667	4.9	23.183	2	14	1	1	0.049
1	8.85	521.042	7.25	23.183	2	15	1	1	0.05
1	8.5	541.5	2.65	22.97136	2	16	1	1	0.05
0	8.1	568.333	2.84	22.72502	2	17	1	1	0.051
0	7.15	565.125	1.76	22.45729	2	18	0	1	0.052
0	6.76	564	5.78	22.18151	2	19	0	1	0.053
0	7.09	561.417	2.55	21.911	2	20	0	1	0.054
0	6.15	560.125	2.25	21.72803	2	21	0	1	0.054
0	6.4	561.125	2.45	21.566	2	22	0	1	0.055
0	6.1	559.167	1.76	21.31552	2	23	0	1	0.056
0	5.19	558.958	0.78	21.10848	2	0	0	1	0.057
0	5.41	558.375	2.45	20.965	2	1	0	1	0.058
0	5.85	556.875	1.47	21.352	2	2	0	1	0.058
1	5.81	555.833	1.76	21.603	2	3	0	1	0.059
1	5.57	556.417	1.57	21.58898	2	4	0	1	0.06
1	5.43	556.708	2.74	21.603	2	5	0	1	0.061
1	5.35	556.417	0	21.841	2	6	0	1	0.062
1	5.02	555.542	1.08	22.482	2	7	0	1	0.062
1	5.34	553.833	0.88	22.74918	2	8	1	1	0.063
1	6.03	550.933	0.88	22.977	2	9	1	1	0.064
0	6.15	545.712	1.96	22.977	2	10	1	1	0.065
0	7.12	538.917	2.35	22.977	2	11	1	1	0.065
0	8.88	537.958	2.25	22.977	2	12	1	1	0.066
0	11.28	531.583	1.08	22.977	2	13	1	1	0.067
0	10.87	511.1	2.16	22.98104	2	14	1	1	0.068
0	11.23	501.208	4.12	22.977	2	15	1	1	0.069
0	10.61	520.917	4.02	23.27813	2	16	1	1	0.069
0	9.59	511.208	3.23	23.527	2	17	1	1	0.07
0	7.46	534.833	1.86	22.983	2	18	0	1	0.071
0	6.07	550.92	0.69	22.843	2	19	0	1	0.072
0	5.29	557.333	1.18	22.423	2	20	0	1	0.073
0	4.82	559.947	1.27	21.948	2	21	0	1	0.073
0	4.21	561.295	0	21.79	2	22	0	1	0.074
0	4.33	561.861	2.06	21.463	2	23	0	1	0.075
0	3.96	560.977	2.16	21.137	2	0	0	2	0.076
0	4.12	559.917	2.35	20.883	2	1	0	2	0.077
0	3.88	560.472	2.74	21.17	2	2	0	2	0.077
1	3.6	559.981	3.72	21.535	2	3	0	2	0.078
1	3.5	560.1	4.41	21.70849	2	4	0	2	0.079
1	3.37	561.097	1.96	21.9	2	5	0	2	0.08
1	2.85	562.5	2.45	21.9	2	6	0	2	0.081
1	2.73	563.958	1.47	22.33914	2	7	0	2	0.081
1	2.64	560.417	1.96	22.777	2	8	1	2	0.082
1	3.59	556.667	1.47	23.027	2	9	1	2	0.083
0	7.54	554.042	1.86	23.027	2	10	1	2	0.084
0	11.12	548.208	2.94	23.027	2	11	1	2	0.085
0	15.53	541.75	2.25	23.027	2	12	1	2	0.085
0	17.15	535.167	2.06	23.03732	2	13	1	2	0.086
0	16.35	514.667	4.02	23.027	2	14	1	2	0.087
0	16.05	504.375	1.76	23.0398	2	15	0	2	0.088
0	15.63	508.667	6.57	23.027	2	16	0	2	0.089
0	13.64	519.042	2.74	23.027	2	17	0	2	0.089
0	11.87	536.25	1.27	23.027	2	18	0	2	0.09
0	9.87	550.208	1.76	22.77046	2	19	0	2	0.091
0	8.19	556.25	1.37	22.46	2	20	0	2	0.092
0	7.18	559.542	1.96	21.737	2	21	0	2	0.093
0	6.63	561.833	1.18	21.15	2	22	0	2	0.093
0	5.48	564.167	1.67	21.15	2	23	0	2	0.094
0	9.93	564.25	7.55	21.1354	2	0	0	0	0.095
0	11.09	563.083	7.94	21.15	2	1	0	0	0.096
0	11.48	560.875	8.23	21.15293	2	2	0	0	0.097
0	11.72	561.917	10.19	21.15	2	3	0	0	0.097
0	12.04	560.208	12.84	20.73	2	4	0	0	0.098
0	12.31	560.208	9.51	20.59	2	5	0	0	0.099
0	11.77	559.75	10.58	20.59	2	6	0	0	0.1
0	11.3	560.417	8.43	20.59	2	7	0	0	0.101
0	10.78	559.833	2.65	20.59	2	8	0	0	0.101
0	11.07	558.458	8.72	20.58663	2	9	0	0	0.102
0	13.15	553.625	9.51	20.59	2	10	0	0	0.103
0	14.29	549.458	9.6	20.59	2	11	0	0	0.104
0	14.91	546.292	11.07	20.59	2	12	0	0	0.105
0	13.51	540.083	9.31	20.59	2	13	0	0	0.105
0	14.93	524.583	7.35	20.59	2	14	0	0	0.106
0	15.14	531.292	6.96	20.59	2	15	0	0	0.107
0	14.65	542.5	6.57	20.59	2	16	0	0	0.108
0	14.43	549.125	6.76	20.59	2	17	0	0	0.109
0	16.62	552.375	16.86	20.59	2	18	0	0	0.109
0	15.81	552.208	7.94	20.59	2	19	0	0	0.11
0	15.05	551.292	3.92	20.59	2	20	0	0	0.111
0	11.8	551.083	10.49	20.59	2	21	0	0	0.112
0	8.35	589.25	2.45	20.2892	2	22	0	0	0.113
0	7.63	610.125	1.57	19.987	2	23	0	0	0.113
0	7.36	608.583	4.02	19.987	2	0	0	0	0.114
0	6.87	603.083	1.96	19.987	2	1	0	0	0.115
0	6.32	611.042	2.55	19.987	2	2	0	0	0.116
0	6.73	653.792	2.84	19.987	2	3	0	0	0.117
0	6.78	683.792	6.37	19.987	2	4	0	0	0.117
0	6.43	698.25	3.33	19.987	2	5	0	0	0.118
0	5.67	706.625	2.94	19.987	2	6	0	0	0.119
0	5.7	713.333	6.27	19.457	2	7	0	0	0.12
0	6.37	719.542	4.12	19.34602	2	8	0	0	0.121
0	5.86	718.208	1.86	19.28	2	9	0	0	0.121
0	9.8	727.833	5.49	19.5259	2	10	0	0	0.122
0	12.05	721.875	5.88	19.79	2	11	0	0	0.123
0	11.06	724.625	6.47	19.79565	2	12	0	0	0.124
0	10.57	721.542	5.49	19.79	2	13	0	0	0.125
0	11.65	725.083	5.1	19.79	2	14	0	0	0.125
0	11.56	722.125	3.53	19.79	2	15	0	0	0.126
0	11.42	721.208	4.21	19.79	2	16	0	0	0.127
0	10.56	723.125	1.37	19.79	2	17	0	0	0.128
0	9.57	715	3.72	19.79	2	18	0	0	0.129
0	10.16	719.958	3.04	19.79	2	19	0	0	0.129
0	10.7	738.542	3.33	19.79	2	20	0	0	0.13
0	11.18	731.083	4.51	19.665	2	21	0	0	0.131
0	11.79	741.417	4.7	19.29	2	22	0	0	0.132
0	12	742.375	8.62	19.29	2	23	0	0	0.133
0	11.79	737.75	7.15	20.216	2	0	0	1	0.133
1	11.66	735.042	10.88	20.726	2	1	0	1	0.134
1	11.57	740.25	7.64	21.022	2	2	0	1	0.135
1	11.9	739.458	8.33	21.527	2	3	0	1	0.136
1	12.08	742.583	9.41	21.527	2	4	0	1	0.137
1	12.17	743.875	10.68	21.527	2	5	0	1	0.137
1	12.13	742.125	6.76	21.891	2	6	0	1	0.138
1	15.71	754.792	10.98	22.29051	2	6	0	1	0.157
1	15.87	755.875	18.13	22.66302	2	7	0	1	0.158
1	16.1	753.875	9.31	22.982	2	8	1	1	0.159
1	16.14	751.792	16.27	22.89962	2	9	1	1	0.16
0	16.2	745.417	14.7	22.76176	2	10	1	1	0.161
0	16.35	743.042	15.97	22.593	2	11	1	1	0.161
0	17.31	744.792	11.27	22.593	2	12	1	1	0.162
0	15.09	729.375	5.68	22.6008	2	13	1	1	0.163
0	12.38	711.292	6.37	22.593	2	14	1	1	0.164
0	10.16	726.083	8.62	22.593	2	15	1	1	0.165
0	9.12	724.458	7.15	22.593	2	16	1	1	0.165
0	8.34	726.5	6.37	22.248	2	17	1	1	0.166
0	8.2	728.958	2.45	22.02057	2	18	0	1	0.167
0	8.14	730.375	5.98	21.78628	2	19	0	1	0.168
0	7.96	731.625	2.65	21.5551	2	20	0	1	0.169
0	8.09	551.917	6.96	21.337	2	21	0	1	0.169
0	7.56	551.833	8.53	21.187	2	22	0	1	0.17
0	7.6	552.333	8.72	20.93933	2	23	0	1	0.171
0	7.61	552.417	8.13	20.74	2	0	0	1	0.172
0	7.45	553.083	5	20.633	2	1	0	1	0.173
0	7.67	553	7.55	20.901	2	2	0	1	0.173
1	7.64	553.5	9.11	21.293	2	3	0	1	0.174
1	7.61	553.75	7.94	21.738	2	4	0	1	0.175
1	7.45	553.75	1.47	21.887	2	5	0	1	0.176
1	7.58	553.167	4.61	21.887	2	6	0	1	0.177
1	7.56	553.417	3.14	22.16	2	7	0	1	0.177
1	7.7	552.25	1.08	22.567	2	8	1	1	0.178
1	8.11	550.333	1.47	22.967	2	9	1	1	0.179
0	8.43	547.333	2.25	23.0118	2	10	1	1	0.18
0	8.51	545.25	2.74	23.00796	2	11	1	1	0.181
0	8.68	544.917	1.37	22.967	2	12	1	1	0.181
0	9.26	542.25	3.82	23.02686	2	13	1	1	0.182
0	8.34	543.083	6.47	23.05254	2	14	1	1	0.183
0	8.31	547.25	2.45	23.03545	2	15	1	1	0.184
0	8.16	546.667	1.76	22.967	2	16	1	1	0.185
0	7.35	545.833	1.37	22.66006	2	17	1	1	0.185
0	6.84	548.083	1.86	22.313	2	18	0	1	0.186
0	6.56	549.667	1.86	21.617	2	19	0	1	0.187
0	6.6	551.583	2.16	21.617	2	20	0	1	0.188
0	6.79	552	1.18	21.617	2	21	0	1	0.188
0	6.82	552.833	0.78	21.1625	2	22	0	1	0.189
0	6.98	553.083	0.2	20.747	2	23	0	1	0.19
0	7.18	552.333	1.27	20.747	2	0	0	1	0.191
0	7.36	552.417	1.76	20.747	2	1	0	1	0.192
0	8.5	552.5	2.55	20.9655	2	2	0	1	0.192
1	9.24	553.5	7.55	21.24412	2	3	0	1	0.193
1	9.06	552.083	5.78	21.56421	2	4	0	1	0.194
1	9.13	551	6.76	21.90715	2	5	0	1	0.195
1	8.89	551.417	7.45	22.25429	2	6	0	1	0.196
1	8.66	551.167	7.06	22.587	2	7	0	1	0.196
1	8.12	550.083	4.7	22.91838	2	8	1	1	0.197
1	8.01	549.917	2.55	23.193	2	9	1	1	0.198
0	8.41	549.083	1.47	23.193	2	10	1	1	0.199
0	9.41	546.083	4.9	22.892	2	11	1	1	0.2
0	10.39	540.5	5.88	22.59	2	12	1	1	0.2
0	10.06	537	4.61	22.58921	2	13	1	1	0.201
0	9.81	540.417	3.92	22.59	2	14	1	1	0.202
0	9.63	545.583	1.67	22.59784	2	15	1	1	0.203
0	9.99	545.333	2.94	22.59	2	16	1	1	0.204
0	9.48	545.5	1.57	22.59	2	17	1	1	0.204
0	8.68	545.75	0	22.44	2	18	0	1	0.205
0	8.29	548	0.78	21.99	2	19	0	1	0.206
0	7.66	549.667	1.27	21.847	2	20	0	1	0.207
0	7.71	552.583	0.78	21.62752	2	21	0	1	0.208
0	7.84	553	0.69	21.42	2	22	0	1	0.208
0	7.98	552.75	2.16	20.98	2	23	0	1	0.209
0	8.12	553.333	0.88	20.833	2	0	0	2	0.21
0	8.1	553	2.25	20.94472	2	1	0	2	0.211
0	8.3	552.833	1.27	21.12705	2	2	0	2	0.212
1	8.47	552.5	1.27	21.36622	2	3	0	2	0.212
1	8.83	552.75	2.45	21.64846	2	4	0	2	0.213
1	10.2	552.417	5.29	21.96	2	5	0	2	0.214
1	10.48	551.417	2.55	22.49	2	6	0	2	0.215
1	10.93	550.333	7.15	22.649	2	7	0	2	0.216
1	11.39	549.417	3.23	23.127	2	8	1	2	0.216
1	11.86	545.667	5.49	23.15404	2	9	1	2	0.217
0	12.89	543.833	0.69	23.127	2	10	1	2	0.218
0	13.09	540.667	1.67	23.127	2	11	1	2	0.219
0	13.25	540.167	2.45	23.127	2	12	1	2	0.22
0	12.1	542.333	8.04	23.127	2	13	1	2	0.22
0	12.73	544.167	2.25	23.05215	2	14	1	2	0.221
0	12.05	542.917	1.86	22.93	2	15	0	2	0.222
0	11.99	545.167	1.47	22.34	2	16	0	2	0.223
0	11.87	547.833	3.14	22.34	2	17	0	2	0.224
0	11.41	548.667	2.94	22.027	2	18	0	2	0.224
0	10.99	550	3.14	21.713	2	19	0	2	0.225
0	10.74	550.25	1.57	21.713	2	20	0	2	0.226
0	10.76	551.917	0.78	21.713	2	21	0	2	0.227
0	10.7	551	0.88	21.301	2	22	0	2	0.228
0	10.64	551.583	0	21.163	2	23	0	2	0.228
0	10.82	552.333	1.47	20.89182	2	0	0	0	0.229
0	10.99	552.083	1.37	20.647	2	1	0	0	0.23
0	11.02	552.333	0.88	20.647	2	2	0	0	0.231
0	11.18	552.25	0	20.647	2	3	0	0	0.232
0	11.91	552.417	1.47	20.63877	2	4	0	0	0.232
0	12.27	552.083	3.14	20.647	2	5	0	0	0.233
0	12.25	552	1.67	20.647	2	6	0	0	0.234
0	12.64	552.25	3.43	20.647	2	7	0	0	0.235
0	13.15	553	5.98	20.63998	2	8	0	0	0.236
0	13.43	550	1.67	20.647	2	9	0	0	0.236
0	15.96	547.167	2.16	20.647	2	10	0	0	0.237
0	18.59	544.75	1.96	20.905	2	11	0	0	0.238
0	19.82	538.333	3.63	21.04297	2	12	0	0	0.239
0	17.45	529.667	5.88	21.163	2	13	0	0	0.24
0	15.06	538.417	5	21.163	2	14	0	0	0.24
0	12.61	547.167	5.19	21.17914	2	15	0	0	0.241
0	12.31	551.167	3.23	21.163	2	16	0	0	0.242
0	12.24	553.583	1.96	20.95993	2	17	0	0	0.243
0	11.99	553.833	1.96	20.73919	2	18	0	0	0.244
0	11.57	555	3.63	20.52	2	19	0	0	0.244
0	10.9	556.167	2.06	20.51541	2	20	0	0	0.245
0	10.68	558.167	2.06	20.52	2	21	0	0	0.246
0	11.05	558	5.19	20.52	2	22	0	0	0.247
0	10.53	559.083	4.21	20.367	2	23	0	0	0.248
0	10.28	559.25	19.6	20.457	2	0	0	0	0.248
0	9.68	559.75	14.99	20.014	2	1	0	0	0.249
0	9.51	560.583	10.39	19.867	2	2	0	0	0.25
0	8.83	561.833	9.21	19.867	2	3	0	0	0.251
0	9.13	563.75	4.21	19.86186	2	4	0	0	0.252
0	9	563.417	3.53	19.867	2	5	0	0	0.252
0	7.12	564.25	2.55	19.867	2	6	0	0	0.253
0	6.54	566.5	1.86	19.867	2	7	0	0	0.254
0	6.72	567	2.55	19.867	2	8	0	0	0.255
0	9.24	566.333	2.74	19.867	2	9	0	0	0.256
0	10.11	563.333	4.21	19.867	2	10	0	0	0.256
0	8.99	559.583	10.58	19.292	2	11	0	0	0.257
0	6.68	560.083	17.44	19.1	2	12	0	0	0.258
0	5.93	563.667	13.13	19.07526	2	13	0	0	0.259
0	5.75	566.417	13.72	19.07823	2	14	0	0	0.26
0	5.53	568.083	7.84	19.1	2	15	0	0	0.26
0	6.04	568.917	4.61	19.1	2	16	0	0	0.261
0	6.31	569.5	5.49	19.1	2	17	0	0	0.262
0	6.16	569.25	5.78	19.1	2	18	0	0	0.263
0	5.91	569.167	8.13	19.1	2	19	0	0	0.264
0	5.19	569.25	7.25	18.74191	2	20	0	0	0.264
0	4.92	570.833	2.84	18.437	2	21	0	0	0.265
0	5.21	572.333	4.02	18.882	2	22	0	0	0.266
0	5.21	572.083	5.19	19.03	2	23	0	0	0.267
0	5.2	572	1.86	19.45	2	0	0	1	0.268
1	5.04	571.917	3.63	20.205	2	1	0	1	0.268
1	4.87	572.083	3.33	20.41	2	2	0	1	0.269
1	4.94	573	1.47	20.91	2	3	0	1	0.27
1	5.07	573	2.45	21.08213	2	4	0	1	0.271
1	5.29	573.167	2.74	21.225	2	5	0	1	0.272
1	4.72	573.75	3.72	21.54	2	6	0	1	0.272
1	4.34	573.583	3.53	21.54	2	7	0	1	0.273
1	5.08	572.833	1.47	21.8149	2	8	1	1	0.274
1	5.11	570.083	7.35	22.063	2	9	1	1	0.275
1	6.36	569.333	13.62	22.11827	2	10	1	1	0.276
1	7.55	565.417	11.47	22.13333	2	11	1	1	0.276
0	5.51	465.917	10.09	22.11322	2	12	1	1	0.277
0	6.71	562.417	9.9	22.063	2	13	1	1	0.278
0	4.89	564	8.62	22.08039	2	14	1	1	0.279
0	6.09	566.417	8.53	22.063	2	15	1	1	0.28
0	6.46	567.083	8.43	21.785	2	16	1	1	0.28
0	7.21	463.458	8.13	21.507	2	17	1	1	0.281
0	3.93	484.625	10.68	21.358	2	18	0	1	0.282
0	4.4	492.167	2.94	20.913	2	19	0	1	0.283
0	3.96	492.083	7.06	20.70972	2	20	0	1	0.284
0	3.83	492.417	3.53	20.577	2	21	0	1	0.284
0	3.57	493.333	5.1	20.9926	2	22	0	1	0.285
0	3.43	495.958	2.55	21.443	2	23	0	1	0.286
0	4.11	495.417	2.74	21.44596	2	0	0	1	0.287
0	3.51	495.625	2.65	21.443	2	1	0	1	0.288
0	3.08	497.167	1.27	21.443	2	2	0	1	0.288
1	4.19	497.167	7.45	21.443	2	3	0	1	0.289
1	3.51	498.042	3.53	21.938	2	4	0	1	0.29
1	2.81	500.042	2.35	22.103	2	5	0	1	0.291
1	2.82	500.5	2.74	22.103	2	6	0	1	0.292
1	2.63	500.708	2.74	22.103	2	7	0	1	0.292
1	2.66	499.667	1.37	22.408	2	8	1	1	0.293
1	4.71	488.958	1.96	22.713	2	9	1	1	0.294
1	5.31	484.208	5.78	22.713	2	10	1	1	0.295
1	5.75	473.333	9.41	23.193	2	11	1	1	0.296
1	6.59	473.966	9.21	23.353	2	12	1	1	0.296
0	6.7	470.083	6.08	22.617	2	13	1	1	0.297
0	6.31	464.25	5.59	22.62574	2	14	1	1	0.298
0	6.67	461.292	8.53	22.617	2	15	1	1	0.299
0	6.9	464.917	5.29	22.49071	2	16	1	1	0.3
0	6.21	479.417	4.12	22.327	2	17	1	1	0.3
0	5.34	490.75	1.96	21.903	2	18	0	1	0.301
0	4.58	500.25	1.08	21.5	2	19	0	1	0.302
0	4.41	502.833	0.98	21.035	2	20	0	1	0.303
0	2.91	504.875	1.67	20.88	2	21	0	1	0.304
0	1.48	508.083	2.25	20.4	2	22	0	1	0.304
0	1.18	510.542	2.06	20.67477	2	23	0	1	0.305
0	0.81	511.125	1.67	21.02431	2	0	0	1	0.306
1	1.06	510.375	0	21.407	2	1	0	1	0.307
1	0.4	511.708	0	21.40188	2	2	0	1	0.308
1	-0.37	513.958	0.98	21.407	2	3	0	1	0.308
1	-0.84	515.5	1.47	21.907	2	4	0	1	0.309
1	-0.85	517.292	1.57	21.907	2	5	0	1	0.31
1	-0.91	517.792	1.37	21.907	2	6	0	1	0.311
1	-0.94	518.167	1.37	21.907	2	7	0	1	0.312
1	-0.78	516.583	2.84	22.30378	2	8	1	1	0.312
1	1.34	506.417	2.25	22.697	2	9	1	1	0.313
1	4.7	496.75	2.74	22.697	2	10	1	1	0.314
1	7.93	490.792	2.74	22.968	2	11	1	1	0.315
1	8.94	484.042	7.06	23.24	2	12	1	1	0.315
0	9.85	477	4.51	23.077	2	13	1	1	0.316
0	10.6	462.167	5.49	22.85505	2	14	1	1	0.317
0	8.96	458.042	6.47	22.59	2	15	1	1	0.318
0	8.95	474.542	4.12	22.59	2	16	1	1	0.319
0	8.1	486.375	3.63	22.22197	2	17	1	1	0.319
0	7.67	498.417	2.94	21.83	2	18	0	1	0.32
0	7.51	502.917	2.16	21.243	2	19	0	1	0.321
0	7.19	503.625	2.16	21.243	2	20	0	1	0.322
0	5.23	505.208	1.86	20.657	2	21	0	1	0.323
0	6.02	506.833	3.14	20.60758	2	22	0	1	0.323
0	7.32	506.875	6.17	20.657	2	23	0	1	0.324
0	6.85	507.208	1.47	21.192	2	0	0	1	0.325
1	6.17	506.625	2.06	21.37	2	1	0	1	0.326
1	6.18	507.833	1.67	21.877	2	2	0	1	0.327
1	5.91	508.292	2.45	22.22873	2	3	0	1	0.327
1	6.12	507.917	4.21	22.553	2	4	0	1	0.328
1	6.11	508.583	2.55	22.553	2	5	0	1	0.329
1	5.67	509.25	4.41	22.553	2	6	0	1	0.33
1	5.55	510.208	5	22.553	2	7	0	1	0.331
1	5.71	509.292	4.12	22.835	2	8	1	1	0.331
1	5.56	506.583	2.55	23.117	2	9	1	1	0.332
1	5.77	501.583	3.04	23.117	2	10	1	1	0.333
1	6.33	493.208	7.25	23.13444	2	11	1	1	0.334
1	6.56	492.208	2.25	23.117	2	12	1	1	0.335
1	6.75	495.833	4.8	23.117	2	13	1	1	0.335
1	7.4	486.167	5.78	22.983	2	14	1	1	0.336
0	8.28	468.583	2.94	22.58	2	15	1	1	0.337
0	7	488.208	1.67	22.58	2	16	1	1	0.338
0	7.05	468.458	2.25	22.58	2	17	1	1	0.339
0	4.59	488.625	1.18	22.58	2	18	0	1	0.339
0	3.32	510.375	1.96	22.15196	2	19	0	1	0.34
0	3.13	516.875	1.08	21.70979	2	20	0	1	0.341
0	3.4	517.208	2.16	21.29	2	21	0	1	0.342
0	4.01	516.917	2.25	21.013	2	22	0	1	0.343
0	3.92	517.625	1.08	20.462	2	23	0	1	0.343
0	4.28	516.333	2.06	21.37	2	0	0	2	0.344
1	3.76	517.417	0.78	21.733	2	1	0	2	0.345
1	3.42	517.917	0.98	22.097	2	2	0	2	0.346
1	3.16	519.75	1.67	22.097	2	3	0	2	0.347
1	2.97	520.375	0.78	22.097	2	4	0	2	0.347
1	3.03	520.042	1.27	22.097	2	5	0	2	0.348
1	2.31	520.208	1.76	22.097	2	6	0	2	0.349
1	2.28	520.25	1.18	22.362	2	7	0	2	0.35
1	2.53	516.958	1.67	22.777	2	8	1	2	0.351
1	3.75	506.5	2.16	23.227	2	9	1	2	0.351
1	5.92	498.458	0.98	23.227	2	10	1	2	0.352
1	8.24	490.833	7.15	23.25151	2	11	1	2	0.353
1	11.92	482.542	6.37	23.227	2	12	1	2	0.354
1	9.92	482.792	2.84	22.96717	2	13	1	2	0.355
1	10.46	470.667	1.47	22.693	2	14	1	2	0.355
0	9.72	459.833	1.27	22.693	2	15	0	2	0.356
0	11.62	436.333	2.55	22.9925	2	16	0	2	0.357
0	10.25	472.161	4.21	23.247	2	17	0	2	0.358
0	7.71	490.792	2.25	22.957	2	18	0	2	0.359
0	5.77	517.417	0	22.163	2	19	0	2	0.359
0	4.61	522.875	1.57	21.902	2	20	0	2	0.36
0	4.04	525.458	0.88	21.64	2	21	0	2	0.361
0	3.55	526.583	0.98	21.27307	2	22	0	2	0.362
0	2.88	527.417	0.78	20.917	2	23	0	2	0.363
0	2.33	527.458	0.78	20.70244	2	0	0	0	0.363
0	1.98	527.958	0	20.509	2	1	0	0	0.364
0	1.27	528.542	1.57	20.373	2	2	0	0	0.365
0	1.1	529.125	1.18	20.062	2	3	0	0	0.366
0	0.91	529.5	1.18	19.75	2	4	0	0	0.367
0	1.51	529.708	0.78	19.75	2	5	0	0	0.367
0	1.21	530.458	1.27	19.75	2	6	0	0	0.368
0	0.92	531.125	1.76	19.75	2	7	0	0	0.369
0	1.19	527.833	0.98	19.14	2	8	0	0	0.37
0	4.22	517.792	1.96	19.14	2	9	0	0	0.371
0	8.4	505.542	2.45	19.473	2	10	0	0	0.371
0	11.6	498.042	2.84	19.807	2	11	0	0	0.372
0	13.86	491.125	2.55	19.807	2	12	0	0	0.373
0	16.5	480.958	3.04	19.807	2	13	0	0	0.374
0	18.45	464.208	4.31	20.194	2	14	0	0	0.375
0	18.62	436.417	2.55	20.607	2	15	0	0	0.375
0	18.37	435.375	0.98	21.07251	2	16	0	0	0.376
0	13.59	444.042	3.23	21.483	2	17	0	0	0.377
0	11.13	490.125	1.37	21.483	2	18	0	0	0.378
0	9.64	522.375	1.57	21.341	2	19	0	0	0.379
0	8.53	527.833	0	20.913	2	20	0	0	0.379
0	7.62	529.375	0.88	20.788	2	21	0	0	0.38
0	6.83	529.875	0.78	20.413	2	22	0	0	0.381
0	6.09	530.542	0.59	20.413	2	23	0	0	0.382
0	5.83	531.083	1.18	20.261	2	0	0	0	0.383
0	5.26	531.125	1.96	19.803	2	1	0	0	0.383
0	4.64	531.667	0.78	19.79781	2	2	0	0	0.384
0	4.26	531.5	2.45	19.803	2	3	0	0	0.385
0	3.72	531.208	3.63	19.371	2	4	0	0	0.386
0	4.15	531.208	2.65	19.227	2	5	0	0	0.387
0	3.56	533.125	1.37	19.227	2	6	0	0	0.387
0	3.08	533.792	2.94	19.227	2	7	0	0	0.388
0	2.59	531.5	0.49	19.227	2	8	0	0	0.389
0	5.27	522.417	2.06	19.21278	2	9	0	0	0.39
0	8.3	512.125	1.37	19.227	2	10	0	0	0.391
0	13.64	525.067	3.92	19.227	2	11	0	0	0.391
0	17.64	490.375	2.45	19.368	2	12	0	0	0.392
0	19.93	476.708	2.35	19.56191	2	13	0	0	0.393
0	21.65	460.958	6.17	19.793	2	14	0	0	0.394
0	21.46	432.625	3.43	20.463	2	15	0	0	0.395
0	20.39	431.583	3.53	20.76347	2	16	0	0	0.395
0	17.07	455.792	1.96	21.01	2	17	0	0	0.396
0	13.37	497.958	0.98	21.01	2	18	0	0	0.397
0	11.41	524.625	2.35	21.01	2	19	0	0	0.398
0	9.92	529.792	0.98	20.632	2	20	0	0	0.399
0	8.18	531.208	1.08	20.225	2	21	0	0	0.399
0	7.32	529.542	2.06	19.943	2	22	0	0	0.4
0	8.26	531.208	0.98	19.943	2	23	0	0	0.401
0	7.85	532.208	3.23	20.663	2	0	0	1	0.402
1	8.22	529.417	2.35	21.11405	2	1	0	1	0.403
1	7.61	526.083	2.35	21.565	2	2	0	1	0.403
1	8.91	524.917	3.63	21.827	2	3	0	1	0.404
1	8.47	525.167	1.37	21.827	2	4	0	1	0.405
1	7.94	527.5	1.86	21.827	2	5	0	1	0.406
1	7.55	529.833	2.25	22.09368	2	6	0	1	0.407
1	7.49	530.5	1.47	22.357	2	7	0	1	0.407
1	7.36	528.375	0.98	22.357	2	8	1	1	0.408
1	7.72	517.292	1.18	22.695	2	9	1	1	0.409
1	10.09	503.375	0.69	22.8807	2	10	1	1	0.41
1	13.73	491.542	1.76	23.033	2	11	1	1	0.411
1	13.77	482.75	0.98	23.033	2	12	1	1	0.411
1	17.4	475.375	2.94	23.04977	2	13	1	1	0.412
1	16.88	467	5.19	23.033	2	14	1	1	0.413
0	16.4	464.583	6.66	22.98842	2	15	1	1	0.414
0	14.47	473.364	3.23	22.91027	2	16	1	1	0.415
0	13.01	489.542	3.04	22.79811	2	17	1	1	0.415
0	11.81	507.167	3.53	22.6515	2	18	0	1	0.416
0	11.62	514.25	3.72	22.47	2	19	0	1	0.417
0	11.4	515.042	3.82	21.64	2	20	0	1	0.418
0	11.36	515.833	4.7	21.64	2	21	0	1	0.419
0	10.87	516.333	1.96	21.085	2	22	0	1	0.419
0	10.37	517	1.67	21.22875	2	23	0	1	0.42
0	10.03	517.542	4.51	21.453	2	0	0	1	0.421
1	9.78	519	7.06	21.73529	2	1	0	1	0.422
1	9.9	519.375	2.94	22.047	2	2	0	1	0.423
1	9.1	520.125	3.04	22.047	2	3	0	1	0.423
1	8.39	521.042	2.16	22.61	2	4	0	1	0.424
1	7.95	523.792	1.37	22.61484	2	5	0	1	0.425
1	8.06	523.583	1.47	22.61	2	6	0	1	0.426
1	8.23	522.792	1.37	23.163	2	7	0	1	0.427
1	8.81	519.167	1.37	23.163	2	8	1	1	0.427
0	10.38	508.5	3.33	23.163	2	9	1	1	0.428
0	13.03	500.667	6.27	23.163	2	10	1	1	0.429
0	15	491.917	6.96	23.163	2	11	1	1	0.43
0	15.52	483.542	8.72	23.163	2	12	1	1	0.431
0	14.59	486.042	6.57	23.163	2	13	1	1	0.431
0	14.51	487.458	5.98	23.16747	2	14	1	1	0.432
0	13.32	498.5	5.68	23.163	2	15	1	1	0.433
0	12.1	493.083	1.27	22.793	2	10	1	1	0.448
0	15.86	485.5	7.45	22.97169	2	11	1	1	0.449
0	15.14	476.042	4.21	23.17211	2	12	1	1	0.45
0	15.2	473.583	5.39	23.37	2	13	1	1	0.45
0	16.31	475.208	5.49	23.37	2	14	1	1	0.451
0	16.52	448.708	5.39	23.38336	2	15	1	1	0.452
0	14.89	443.792	4.02	23.37	2	16	1	1	0.453
0	13.82	478.875	4.51	23.37	2	17	1	1	0.454
0	13.06	506.125	3.53	23.37	2	18	0	1	0.454
0	12.39	515.292	3.43	22.922	2	19	0	1	0.455
0	11.44	517.708	5.88	22.773	2	20	0	1	0.456
0	9.57	518.25	1.18	21.92	2	21	0	1	0.457
0	9.67	520.708	2.25	21.92	2	22	0	1	0.458
0	9.3	522.333	1.67	22.10697	2	23	0	1	0.458
1	9.68	522.458	3.23	22.34776	2	0	0	1	0.459
1	9.04	522.708	5	22.613	2	1	0	1	0.46
1	8.95	524.958	4.61	22.613	2	2	0	1	0.461
1	8.77	525.333	3.82	22.68181	2	3	0	1	0.462
1	8.53	524.875	2.16	22.76	2	4	0	1	0.462
1	8.67	524.917	1.86	23.153	2	5	0	1	0.463
1	8.6	524.75	3.33	23.153	2	6	0	1	0.464
1	8.6	525	4.61	23.16168	2	7	0	1	0.465
1	8.75	522.917	3.53	23.153	2	8	1	1	0.466
0	10.02	516.25	2.45	23.15769	2	9	1	1	0.466
0	10.58	503.008	4.31	23.153	2	10	1	1	0.467
0	10.32	520.538	3.33	23.15694	2	11	1	1	0.468
0	10.11	522.399	3.33	23.153	2	12	1	1	0.469
0	10.4	503.333	9.7	23.153	2	13	1	1	0.47
0	10.02	503.708	7.74	23.17398	2	14	1	1	0.47
0	9.52	506.644	6.66	23.1765	2	15	1	1	0.471
0	9.28	513.25	10.19	23.153	2	16	1	1	0.472
0	9.15	513.958	3.63	23.153	2	17	1	1	0.473
0	8.84	520.208	2.25	22.703	2	18	0	1	0.474
0	8.44	522.917	1.96	22.553	2	19	0	1	0.474
0	8.03	524.542	3.43	22.424	2	20	0	1	0.475
0	7.89	525.875	1.08	22.037	2	21	0	1	0.476
0	7.77	527.208	0.98	21.572	2	22	0	1	0.477
0	7.72	527.5	1.27	21.417	2	23	0	1	0.478
1	7.57	527.75	1.27	21.69202	2	0	0	2	0.478
1	7.52	528.083	1.18	22.013	2	1	0	2	0.479
1	7.12	529.5	1.37	22.013	2	2	0	2	0.48
1	6.65	530.083	0.39	22.013	2	3	0	2	0.481
1	6.6	530.667	0.69	22.268	2	4	0	2	0.482
1	6.76	531	0.98	22.523	2	5	0	2	0.482
1	6.89	531.042	3.43	22.523	2	6	0	2	0.483
1	6.8	530.917	1.37	22.5189	2	7	0	2	0.484
1	7.6	526.542	4.61	22.523	2	8	1	2	0.485
0	10.8	512.583	7.74	23.05	2	9	1	2	0.486
0	11.66	496.125	8.23	23.08655	2	10	1	2	0.486
0	12.07	489.25	9.9	23.08477	2	11	1	2	0.487
0	14.16	492.5	7.55	23.05	2	12	1	2	0.488
0	13.35	476.333	4.61	23.05	2	13	1	2	0.489
0	13.33	475.458	2.16	23.05	2	14	1	2	0.49
0	13.85	489.417	2.84	22.919	2	15	0	2	0.49
0	13.67	497.625	2.65	22.73864	2	16	0	2	0.491
0	13.63	508.208	3.82	22.527	2	17	0	2	0.492
0	12.99	513.083	3.14	22.255	2	18	0	2	0.493
0	10.09	517.458	7.06	21.983	2	19	0	2	0.494
0	7.07	522.542	8.82	21.983	2	20	0	2	0.494
0	4.86	529.25	9.8	21.331	2	21	0	2	0.495
0	3.28	534.875	5.39	21.113	2	22	0	2	0.496
0	2.92	538.083	1.86	21.113	2	23	0	2	0.497
0	2.91	540.042	0.2	20.628	2	0	0	0	0.498
0	3.28	539.625	1.08	20.467	2	1	0	0	0.498
0	3.36	538.875	1.08	20.45114	2	2	0	0	0.499
0	5.28	539.083	5.88	20.45691	2	3	0	0	0.5
0	5.3	537.292	11.96	20.467	2	4	0	0	0.501
0	4.6	535.5	15.48	20.21211	2	5	0	0	0.502
0	5.92	536.125	8.33	19.967	2	6	0	0	0.502
0	5.93	534.583	16.27	19.967	2	7	0	0	0.503
0	5.82	533.958	13.62	19.967	2	8	0	0	0.504
0	5.77	532.875	13.33	19.9624	2	9	0	0	0.505
0	5.75	532.125	14.01	19.967	2	10	0	0	0.506
0	6.01	530.167	15.58	19.96629	2	11	0	0	0.506
0	5.85	529.75	14.6	19.967	2	12	0	0	0.507
0	5.36	529.458	17.54	19.9697	2	13	0	0	0.508
0	4.85	532.125	12.15	19.967	2	14	0	0	0.509
0	5.57	533.25	17.54	19.97498	2	15	0	0	0.51
0	5.33	534.583	12.45	19.967	2	16	0	0	0.51
0	5.48	535.167	13.92	19.967	2	17	0	0	0.511
0	6.03	535.583	5.29	19.519	2	18	0	0	0.512
0	7.82	534.167	9.6	19.37	2	19	0	0	0.513
0	9.11	531.167	8.33	19.37	2	20	0	0	0.514
0	8.84	530.667	6.27	19.37	2	21	0	0	0.514
0	8.15	531.792	2.16	19.37	2	22	0	0	0.515
0	8.3	532.625	2.74	19.37	2	23	0	0	0.516
0	8.32	533.583	4.8	19.37	2	0	0	0	0.517
0	8.06	533.917	5.68	19.36861	2	1	0	0	0.518
0	9.41	533.75	6.47	19.37	2	2	0	0	0.518
0	8.3	532.375	14.31	19.36947	2	3	0	0	0.519
0	9.01	533.75	11.17	19.37	2	4	0	0	0.52
0	9	533.083	6.47	19.36995	2	5	0	0	0.521
0	8.94	532.958	8.04	19.37	2	6	0	0	0.522
0	8.7	532.625	3.23	19.37041	2	7	0	0	0.522
0	8.75	532.417	6.08	19.37	2	8	0	0	0.523
0	8.7	531.75	6.47	19.37	2	9	0	0	0.524
0	8.77	530.042	5.49	19.37	2	10	0	0	0.525
0	8.8	526	2.94	19.37	2	11	0	0	0.526
0	8.56	529.083	6.37	19.37	2	12	0	0	0.526
0	9.36	506.208	5.19	19.37	2	13	0	0	0.527
0	8.84	514.708	2.25	19.37872	2	14	0	0	0.528
0	8.76	519.083	5.19	19.37	2	15	0	0	0.529
0	7.6	530.083	4.7	19.235	2	16	0	0	0.53
0	6.95	534.792	3.23	18.83	2	17	0	0	0.53
0	7.12	537.125	5.88	18.83	2	18	0	0	0.531
0	7.59	537.208	3.43	18.83	2	19	0	0	0.532
0	7.26	536.75	3.63	18.80119	2	20	0	0	0.533
0	7.47	537.167	5.39	18.7998	2	21	0	0	0.534
0	7.34	537	7.06	18.83	2	22	0	0	0.534
0	7.49	536.792	6.66	18.83	2	23	0	0	0.535
0	8.03	536.792	4.9	19.12328	2	0	0	1	0.536
1	8.17	536.417	8.43	19.443	2	1	0	1	0.537
1	8.25	536.792	5.39	19.443	2	2	0	1	0.538
1	8.06	537.625	4.21	19.68107	2	3	0	1	0.538
1	8.01	537.667	7.06	19.943	2	4	0	1	0.539
1	7.7	538.25	5.59	20.105	2	5	0	1	0.54
1	7.02	539.708	3.23	20.59	2	6	0	1	0.541
1	6.11	541.5	4.61	20.59	2	7	0	1	0.542
1	6.55	541.458	9.02	21.367	2	8	1	1	0.542
1	7.36	537.125	4.41	21.76755	2	9	1	1	0.543
1	7.83	528.833	8.33	22.11504	2	10	1	1	0.544
1	8.77	520.125	3.82	22.39	2	11	1	1	0.545
0	9.4	512.292	9.8	22.2565	2	12	1	1	0.546
0	9.56	506.458	8.04	22.06187	2	13	1	1	0.546
0	9.37	500.25	6.37	21.837	2	14	1	1	0.547
0	9.12	500.417	8.23	21.837	2	15	1	1	0.548
0	8.66	497.5	6.27	21.837	2	16	1	1	0.549
0	8.42	507.667	4.12	21.837	2	17	1	1	0.55
0	6.53	543.875	1.27	20.132	2	23	0	1	0.554
1	6.37	544.167	1.47	21.23662	3	0	0	1	0.555
1	6.38	543.458	0	22.44	3	8	1	1	0.562
1	8.55	532.375	0.59	22.44	3	9	1	1	0.562
1	12.6	517	4.61	23.14	3	10	1	1	0.563
1	12.26	502.583	4.31	23.14	3	11	1	1	0.564
1	13.33	493.792	3.63	23.14	3	12	1	1	0.565
0	14.5	491.708	3.82	23.14	3	13	1	1	0.565
0	15.02	488.39	3.82	22.94963	3	14	1	1	0.566
0	15.18	478.292	5.88	22.739	3	15	1	1	0.567
0	14.77	470.708	4.9	23.127	3	16	1	1	0.568
1	12.38	502.94	2.35	23.127	3	17	1	1	0.569
0	10.23	509.125	1.86	22.72878	3	18	0	1	0.569
0	8.37	542.083	1.76	22.29046	3	19	0	1	0.57
0	7.39	550.375	1.08	21.848	3	20	0	1	0.571
0	6.8	552.167	2.35	21.39	3	21	0	1	0.572
0	6.1	553.417	0.78	21.3585	3	22	0	1	0.573
0	6.24	553.167	0.78	21.39	3	23	0	1	0.573
1	6.19	552.583	1.76	21.42496	3	0	0	1	0.574
1	6.07	553.208	1.86	21.50569	3	1	0	1	0.575
1	7.01	552.875	1.18	21.62732	3	2	0	1	0.576
1	8.31	551.458	2.06	21.785	3	3	0	1	0.577
1	9.86	548.625	3.63	22.18	3	4	0	1	0.577
1	11.02	546.583	4.61	22.18	3	5	0	1	0.578
1	9.83	546.25	2.84	22.618	3	6	0	1	0.579
1	9.52	546.833	1.47	22.6979	3	7	0	1	0.58
1	9.77	546	3.63	22.763	3	8	1	1	0.581
1	10.36	542.625	4.51	23.022	3	9	1	1	0.581
1	10.67	540.167	6.76	23.28	3	10	1	1	0.582
1	11.46	535.333	8.43	23.28	3	11	1	1	0.583
1	10.76	527.208	10.68	23.28	3	12	1	1	0.584
0	10.68	529.083	12.05	23.28	3	13	1	1	0.585
0	10.92	522.167	11.66	23.24288	3	14	1	1	0.585
0	9.8	532.25	13.43	23.149	3	15	1	1	0.586
0	9.45	533.333	7.74	22.757	3	16	1	1	0.587
0	9.07	538.917	13.82	22.352	3	17	1	1	0.588
0	8.53	543.875	6.96	21.89634	3	18	0	1	0.589
0	8.04	546.667	5.88	21.463	3	19	0	1	0.589
0	8.06	548.625	7.35	21.21896	3	20	0	1	0.59
0	8.25	548.958	10.29	21.04006	3	21	0	1	0.591
0	8.41	549.375	2.55	20.937	3	22	0	1	0.592
0	7.87	550.375	4.9	21.2132	3	23	0	1	0.593
1	7.47	550.833	3.23	21.54	3	0	0	1	0.593
1	7.39	552.375	6.76	21.54	3	1	0	1	0.594
1	7.29	554.333	3.33	21.942	3	2	0	1	0.595
1	7.39	554.042	5.78	22.077	3	3	0	1	0.596
1	7.25	554	7.94	22.06857	3	4	0	1	0.597
1	7.1	554	7.64	22.077	3	5	0	1	0.597
1	6.98	554.542	7.64	22.669	3	6	0	1	0.598
1	6.91	555.292	10.78	22.867	3	7	0	1	0.599
1	7.11	551.5	6.66	22.9589	3	8	1	1	0.6
1	7.15	545.833	5.88	23.03	3	9	1	1	0.601
1	7.61	537.333	8.43	23.52	3	10	1	1	0.601
1	8.23	534.125	7.84	23.52	3	11	1	1	0.602
1	8.26	525.625	9.31	23.389	3	12	1	1	0.603
0	8	536.542	7.94	23.21338	3	13	1	1	0.604
0	8.03	542.5	8.92	22.997	3	14	1	1	0.605
0	7.91	545.167	9.21	22.997	3	15	1	1	0.605
0	8.22	546.708	7.94	22.607	3	16	1	1	0.606
0	8.2	546.542	7.64	22.163	3	17	1	1	0.607
0	8.15	548.583	7.74	21.77	3	18	0	1	0.608
0	8.2	551.833	0.39	21.77	3	19	0	1	0.609
0	7.95	552.625	1.18	21.17	3	20	0	1	0.609
0	7.92	553.417	0	21.17	3	21	0	1	0.61
0	7.68	554.542	0	21.17	3	22	0	1	0.611
0	7.18	557	0	20.838	3	23	0	1	0.612
1	6.92	557.125	0	21.117	3	0	0	2	0.613
1	6.86	557.417	1.37	21.3678	3	1	0	2	0.613
1	6.28	558.417	0.88	21.65	3	2	0	2	0.614
1	6.17	560.417	1.37	21.65	3	3	0	2	0.615
1	5.97	560.75	1.57	22.02651	3	4	0	2	0.616
1	6.37	560.083	1.37	22.407	3	5	0	2	0.617
1	6.3	557.583	0.29	22.407	3	6	0	2	0.617
1	6.42	558.333	2.94	22.407	3	7	0	2	0.618
1	7.66	567.747	5.78	22.89178	3	8	1	2	0.619
1	11.35	539.625	6.66	23.357	3	9	1	2	0.62
1	13.62	528.083	10.09	23.46803	3	10	1	2	0.621
1	14.3	510.375	8.62	23.51255	3	11	1	2	0.621
1	13.96	504.5	6.57	23.49	3	12	1	2	0.622
0	17.3	501.208	7.64	23.237	3	13	1	2	0.623
0	13.13	512	11.17	23.107	3	14	1	2	0.624
0	10.14	537.375	3.63	22.93567	3	15	0	2	0.625
0	8.49	549.167	9.21	22.72	3	16	0	2	0.625
0	7.5	554.542	10.58	22.123	3	17	0	2	0.626
0	6.46	557	11.56	21.952	3	18	0	2	0.627
0	6.09	560.667	7.55	21.62537	3	19	0	2	0.628
0	5.81	561.958	6.47	21.3	3	20	0	2	0.629
0	5.46	563.292	1.47	20.89	3	21	0	2	0.629
0	5.54	564.875	9.02	20.89	3	22	0	2	0.63
0	5.73	563.667	9.6	20.62925	3	23	0	2	0.631
0	4.27	564.333	8.04	20.373	3	0	0	0	0.632
0	4.57	567.75	2.84	20.07274	3	1	0	0	0.633
0	5.05	567.667	6.37	19.797	3	2	0	0	0.633
0	4.62	566.792	5.88	19.797	3	3	0	0	0.634
0	4.27	568.375	1.37	19.72555	3	4	0	0	0.635
0	4.68	568.208	3.23	19.66	3	5	0	0	0.636
0	5.12	567.875	8.04	19.25	3	6	0	0	0.637
0	4.79	567.083	6.47	19.25	3	7	0	0	0.637
0	4.82	567.125	6.27	19.25	3	8	0	0	0.638
0	4.57	565.208	7.94	19.25	3	9	0	0	0.639
0	4.95	563.708	8.43	19.25	3	10	0	0	0.64
0	4.39	553.625	7.74	19.25	3	11	0	0	0.641
0	5.48	549.833	6.27	19.25	3	12	0	0	0.641
0	5.95	553.333	1.57	19.25	3	13	0	0	0.642
0	5.46	554.417	11.17	19.25897	3	14	0	0	0.643
0	6.23	551	8.04	19.25	3	15	0	0	0.644
0	5.97	557.208	2.65	19.03546	3	16	0	0	0.645
0	5.59	561.375	7.06	18.815	3	17	0	0	0.645
0	4.38	566.333	6.76	18.67	3	18	0	0	0.646
0	4.67	569.447	8.13	18.67	3	19	0	0	0.647
0	4.78	570.333	7.06	18.67	3	20	0	0	0.648
0	4.41	571	4.21	18.67	3	21	0	0	0.649
0	4.83	571.25	4.12	18.67	3	22	0	0	0.649
0	4.68	571.417	7.64	18.67095	3	23	0	0	0.65
0	4.15	570.875	6.27	18.67193	3	0	0	0	0.651
0	3.95	572.333	7.55	18.67	3	1	0	0	0.652
0	4.05	573.417	7.06	18.67	3	2	0	0	0.653
0	4.12	573.583	5.98	18.67	3	3	0	0	0.653
0	3.47	574.33	7.25	18.67	3	4	0	0	0.654
0	3.39	574.5	4.02	18.539	3	5	0	0	0.655
0	3.08	576.5	6.27	18.147	3	6	0	0	0.656
0	1.74	575.792	2.25	18.13447	3	7	0	0	0.657
0	1.79	574.917	2.25	18.147	3	8	0	0	0.657
0	3.94	562.625	1.76	18.147	3	9	0	0	0.658
0	5.62	556.375	1.67	18.147	3	10	0	0	0.659
0	5.23	547.5	6.08	18.147	3	11	0	0	0.66
0	5.73	549.266	2.84	18.147	3	12	0	0	0.661
0	6.18	533.667	7.84	18.147	3	13	0	0	0.661
0	5.76	537.708	2.25	18.527	3	14	0	0	0.662
0	6.4	533.417	9.7	18.653	3	15	0	0	0.663
0	8.47	541.292	5.78	18.653	3	16	0	0	0.664
0	5.95	552.917	7.74	18.653	3	17	0	0	0.665
0	5.61	564.667	5.68	18.653	3	18	0	0	0.665
0	5.49	570.534	2.16	18.653	3	19	0	0	0.666
0	5.46	571.667	1.57	18.653	3	20	0	0	0.667
0	5.52	572.5	5	18.4832	3	21	0	0	0.668
0	5.35	573.25	4.51	18.302	3	22	0	0	0.669
0	5.64	573.583	2.35	18.117	3	23	0	0	0.669
0	5.42	574.167	0.69	17.97	3	0	0	1	0.67
1	5.24	574.917	1.86	17.97	3	1	0	1	0.671
1	5.28	575.042	1.47	17.91961	3	2	0	1	0.672
1	5.32	574.792	8.23	17.91582	3	3	0	1	0.673
1	4.62	575.667	5.68	17.97	3	4	0	1	0.673
1	4.67	577.375	1.96	18.21551	3	5	0	1	0.674
1	4.59	577.625	0.98	18.52223	3	6	0	1	0.675
1	4.51	578.25	1.47	18.88209	3	7	0	1	0.676
1	4.99	573	1.37	19.287	3	8	1	1	0.677
1	5.87	564.125	0.88	19.986	3	9	1	1	0.677
1	7.86	549.375	6.08	20.74	3	10	1	1	0.678
1	8.33	539.542	6.66	21.097	3	11	1	1	0.679
1	7.2	546.208	5.78	21.453	3	12	1	1	0.68
1	7.47	546.496	3.72	21.453	3	13	1	1	0.681
1	8.31	547.417	8.04	21.453	3	14	1	1	0.681
1	7.53	553.208	5.98	21.453	3	15	1	1	0.682
0	7.36	557.083	6.76	21.453	3	16	1	1	0.683
0	7.11	562.583	2.84	20.803	3	17	1	1	0.684
0	6.63	566.583	1.57	20.418	3	18	0	1	0.685
0	5.97	572.042	1.37	20.29	3	19	0	1	0.685
0	5.14	576.208	2.55	19.953	3	20	0	1	0.686
0	5.25	577.833	3.23	19.50145	3	21	0	1	0.687
0	5.33	578.208	2.65	19.11	3	22	0	1	0.688
0	4.98	578.208	5.1	19.11	3	23	0	1	0.688
1	4.53	580.417	2.35	19.38707	3	0	0	1	0.689
1	5.3	582.125	2.65	19.73	3	1	0	1	0.69
1	4.96	582.167	3.63	19.73	3	2	0	1	0.691
1	3.83	583.083	1.96	20.573	3	3	0	1	0.692
1	2.98	587.083	2.25	20.573	3	4	0	1	0.692
1	3.05	586.917	0	20.573	3	5	0	1	0.693
1	3.52	586.667	5.1	20.827	3	6	0	1	0.694
1	3.86	585.504	0.88	21.08	3	7	0	1	0.695
1	4.17	580.875	0.69	21.773	3	8	1	1	0.696
1	5.14	570.75	3.23	21.773	3	9	1	1	0.696
1	6.21	561.292	2.35	22.1	3	10	1	1	0.697
1	7.2	550.25	2.94	22.427	3	11	1	1	0.698
1	8.92	533.095	4.7	22.45613	3	12	1	1	0.699
1	9.89	548.167	4.51	22.427	3	13	1	1	0.7
0	9.15	539.375	2.35	22.427	3	14	1	1	0.7
0	11.07	527.083	3.04	22.427	3	15	1	1	0.701
0	11.03	538.625	7.06	22.15261	3	16	1	1	0.702
0	9.38	532.125	3.23	21.834	3	17	1	1	0.703
0	8.72	550.292	0.98	21.637	3	18	0	1	0.704
0	7.99	571.375	2.25	21.197	3	19	0	1	0.704
0	8.1	576.292	2.06	20.787	3	20	0	1	0.705
0	7.29	578.458	1.47	20.523	3	21	0	1	0.706
0	7.22	579.833	0.88	20.395	3	22	0	1	0.707
0	7.47	580.458	2.94	20.01	3	23	0	1	0.708
1	7.57	581.125	4.61	20.01	3	0	0	1	0.708
1	7.54	581	1.76	20.345	3	1	0	1	0.709
1	7.6	580.917	4.02	20.68	3	2	0	1	0.71
1	7.24	581.917	1.08	20.955	3	3	0	1	0.711
1	6.9	582.917	1.08	21.23	3	4	0	1	0.712
1	6.73	584.292	1.76	21.23	3	5	0	1	0.712
1	6.69	585.25	1.18	21.398	3	6	0	1	0.713
1	7.38	584.625	4.41	21.9	3	7	0	1	0.714
1	7.42	581.583	5.39	22.032	3	8	1	1	0.715
1	7.59	577.292	6.86	22.43	3	9	1	1	0.716
1	8.02	596.992	4.9	22.805	3	10	1	1	0.716
1	8.62	580.976	13.03	22.93	3	11	1	1	0.717
1	10.14	555	8.04	22.69311	3	12	1	1	0.718
0	9.18	542.583	5.39	22.403	3	13	1	1	0.719
0	6.81	545.25	8.92	22.403	3	14	1	1	0.72
0	6.34	559.917	11.07	22.403	3	15	1	1	0.72
0	6.45	573.083	7.45	22.236	3	16	1	1	0.721
0	6.71	561.792	9.51	21.733	3	17	1	1	0.722
0	6.23	573.333	10.39	21.38565	3	18	0	1	0.723
0	5.47	581.125	12.05	21.04324	3	19	0	1	0.724
0	6.21	585.75	9.21	20.72228	3	20	0	1	0.724
0	5.79	586.125	5.1	20.43925	3	21	0	1	0.725
0	5.85	586.417	3.33	20.21066	3	22	0	1	0.726
0	5.46	588.458	3.72	20.053	3	23	0	1	0.727
1	5.47	590.667	4.02	20.27641	3	0	0	1	0.728
1	4.15	591.75	8.72	20.557	3	1	0	1	0.728
1	4.75	593.583	4.9	20.557	3	2	0	1	0.729
1	4.72	592.583	6.76	20.962	3	3	0	1	0.73
1	5.17	593.333	4.02	21.097	3	4	0	1	0.731
1	6.09	593.125	5.68	21.29968	3	5	0	1	0.732
1	5.62	591.917	6.47	21.512	3	6	0	1	0.732
1	6.34	591.25	12.05	21.65	3	7	0	1	0.733
1	6.25	589.75	4.8	22.04	3	8	1	1	0.734
1	6.96	585.917	3.53	22.44855	3	9	1	1	0.735
1	6.47	582.42	7.74	22.813	3	10	1	1	0.736
1	7.41	569.458	4.8	22.813	3	11	1	1	0.736
1	8.25	561.417	5.68	22.813	3	12	1	1	0.737
0	9.28	559.625	8.23	22.813	3	13	1	1	0.738
0	8.18	559.167	5.68	22.51304	3	14	1	1	0.739
0	8.09	568.042	5.88	22.177	3	15	1	1	0.74
0	8.15	576.792	6.76	22.177	3	16	1	1	0.74
0	7.51	579.125	7.94	21.94158	3	17	1	1	0.741
0	7.13	583.625	3.63	21.68619	3	18	0	1	0.742
0	7.45	587.125	3.82	21.42	3	19	0	1	0.743
0	7.38	589	3.14	20.973	3	20	0	1	0.744
0	6.98	591.083	5.19	20.553	3	21	0	1	0.744
0	6.18	593.167	2.74	20.49285	3	22	0	1	0.745
0	6.78	594.083	2.25	20.50159	3	23	0	1	0.746
1	6.98	594.083	3.14	20.573	3	0	0	2	0.747
1	6.52	593.75	2.65	20.863	3	1	0	2	0.748
1	6.39	594.292	3.82	20.863	3	2	0	2	0.748
1	6.21	595.417	2.74	21.09303	3	3	0	2	0.749
1	5.9	597.042	2.16	21.35365	3	4	0	2	0.75
1	5.86	596.708	0.98	21.633	3	5	0	2	0.751
1	5.52	598.5	2.45	21.90642	3	6	0	2	0.752
1	5.85	599.667	2.25	22.17693	3	7	0	2	0.752
1	6.66	594.167	1.76	22.43473	3	8	1	2	0.753
1	7.41	582.417	1.18	22.67	3	9	1	2	0.754
1	8.66	578.083	7.15	23.015	3	10	1	2	0.755
1	8.4	577.5	6.37	23.36	3	11	1	2	0.756
1	9.28	562.167	4.7	23.078	3	12	1	2	0.756
0	8.81	562.667	5.1	22.797	3	13	1	2	0.757
0	9.39	561.25	5.98	22.797	3	14	1	2	0.758
0	9.52	561.542	5.1	22.503	3	15	0	2	0.759
0	9.08	554.208	5.59	22.21	3	16	0	2	0.76
0	8.57	573.958	3.92	21.643	3	17	0	2	0.76
0	8.32	587.167	3.53	21.33517	3	18	0	2	0.761
0	7.86	592.75	2.55	21.043	3	19	0	2	0.762
0	7.72	594.625	0.98	20.78	3	20	0	2	0.763
0	7.94	595.583	3.43	20.64017	3	21	0	2	0.764
0	7.56	596.958	1.67	20.517	3	22	0	2	0.764
0	7.25	597.708	1.76	20.31733	3	23	0	2	0.765
0	6.27	599.75	0	20.127	3	0	0	0	0.766
0	6.15	601	2.35	19.997	3	1	0	0	0.767
0	5.97	602	1.47	19.997	3	2	0	0	0.768
0	6.1	602.375	1.18	19.492	3	3	0	0	0.768
0	6.03	602.667	0	19.323	3	4	0	0	0.769
0	5.95	603.208	0	19.323	3	5	0	0	0.77
0	6.09	603.792	0	19.31267	3	6	0	0	0.771
0	6	604.042	0.59	19.323	3	7	0	0	0.772
0	6.25	602.833	0	19.323	3	8	0	0	0.772
0	6.89	596.458	0	19.323	3	9	0	0	0.773
0	7.78	584.583	4.61	19.323	3	10	0	0	0.774
0	8.34	576.958	4.51	19.323	3	11	0	0	0.775
0	8.83	558.208	4.31	19.323	3	12	0	0	0.776
0	9.09	548.083	7.64	19.323	3	13	0	0	0.776
0	8.99	561.885	6.76	19.323	3	14	0	0	0.777
0	9.59	554.625	3.82	19.3079	3	15	0	0	0.778
0	8.82	568.583	3.23	19.29136	3	16	0	0	0.779
0	8.42	581.333	2.45	19.27405	3	17	0	0	0.78
0	7.81	591.208	0.98	19.2567	3	18	0	0	0.78
0	7.23	598.667	0	19.24	3	19	0	0	0.781
0	6.97	600.292	0.88	19.24021	3	20	0	0	0.782
0	6.95	601.375	0	19.24	3	21	0	0	0.783
0	6.65	602.458	0	19.24	3	22	0	0	0.784
0	6.71	604.083	1.47	19.24	3	23	0	0	0.784
0	6.32	605.042	0	19.24	3	0	0	0	0.785
0	6.23	605.792	0	19.24	3	1	0	0	0.786
0	6.09	606.75	1.27	19.24	3	2	0	0	0.787
0	6.12	607.042	2.55	19.0482	3	3	0	0	0.788
0	6.13	607.667	1.76	18.84888	3	4	0	0	0.788
0	5.77	608.083	2.25	18.66	3	5	0	0	0.789
0	5.73	609.25	1.86	18.66	3	6	0	0	0.79
0	5.94	608.417	2.25	18.66	3	7	0	0	0.791
0	7.18	600.958	2.45	18.66	3	8	0	0	0.792
0	8.32	581.917	2.55	18.66	3	9	0	0	0.792
0	10.23	565.458	5	18.66	3	10	0	0	0.793
0	10.62	561.792	5.98	18.64616	3	11	0	0	0.794
0	11.28	557.833	5.19	18.66	3	12	0	0	0.795
0	11.66	555.208	7.45	19.213	3	13	0	0	0.796
0	11.42	547.417	8.23	19.22624	3	14	0	0	0.796
0	10.72	543.583	6.86	19.213	3	15	0	0	0.797
0	9.91	540.417	6.66	19.22049	3	16	0	0	0.798
0	9.85	561.292	7.06	19.213	3	17	0	0	0.799
0	8.59	572.125	3.14	19.213	3	18	0	0	0.8
0	8.1	597.333	3.23	19.213	3	19	0	0	0.8
0	7.85	602.333	2.65	19.08	3	20	0	0	0.801
0	7.9	605.542	2.65	18.86475	3	21	0	0	0.802
0	6.64	606.75	4.12	18.68	3	22	0	0	0.803
0	5.96	607.75	2.65	18.68	3	23	0	0	0.804
1	5.81	609.125	3.14	18.996	3	0	0	1	0.804
1	5.45	611.292	1.27	19.178	3	1	0	1	0.805
1	4.72	614.875	0.98	19.563	3	2	0	1	0.806
1	4.23	617.833	0.59	19.563	3	3	0	1	0.807
1	4.13	617.292	2.06	20.33	3	4	0	1	0.808
1	4.51	616.125	0	20.33	3	5	0	1	0.808
1	4.6	616.208	1.27	20.33	3	6	0	1	0.809
1	4.9	615.875	1.37	20.7984	3	7	0	1	0.81
1	5.25	612.208	0.69	21.272	3	8	1	1	0.811
1	6.09	603.292	0.49	21.697	3	9	1	1	0.812
1	7.19	590.208	0.49	21.835	3	10	1	1	0.812
1	8.18	578.458	0.98	22.07411	3	11	1	1	0.813
1	9.26	555.917	1.27	22.25	3	12	1	1	0.814
1	9.17	559.625	3.82	22	3	13	1	1	0.815
0	9.06	560.792	2.06	21.75	3	14	1	1	0.815
0	9.82	556.083	3.72	21.75	3	15	1	1	0.816
0	9.75	543.292	4.7	21.76219	3	16	1	1	0.817
0	9.31	560.468	4.41	21.75	3	17	1	1	0.818
1	8.98	524.417	3.63	21.62377	3	18	0	1	0.819
0	8.04	596.333	2.25	21.463	3	19	0	1	0.819
0	6.79	611.25	1.37	20.981	3	20	0	1	0.82
0	6.04	614.917	2.16	20.59531	3	21	0	1	0.821
0	5.08	618.458	1.47	20.257	3	22	0	1	0.822
0	4.01	620.958	0	20.107	3	23	0	1	0.823
0	3.4	623.292	1.27	20.49087	3	0	0	1	0.823
1	3.01	624.833	2.16	20.92	3	1	0	1	0.824
1	2.8	624.667	1.27	20.92	3	2	0	1	0.825
1	2.12	625.75	0	20.92	3	3	0	1	0.826
1	1.41	626.542	2.45	20.92	3	4	0	1	0.827
1	1.7	628.375	1.67	21.23462	3	5	0	1	0.827
1	1.64	628.75	1.67	21.567	3	6	0	1	0.828
1	1	628.917	1.47	21.567	3	7	0	1	0.829
1	2.76	617.875	1.27	21.88241	3	8	1	1	0.83
1	6.9	601.375	1.76	22.2	3	9	1	1	0.831
1	10.17	588.5	3.72	22.49236	3	10	1	1	0.831
1	13.26	578.25	4.21	22.75	3	11	1	1	0.832
1	15.07	570.667	3.14	22.77044	3	12	1	1	0.833
0	15.77	562.667	2.74	22.75	3	13	1	1	0.834
0	16.74	553.625	2.94	22.75	3	14	1	1	0.835
0	18.06	527.75	4.02	22.75	3	15	1	1	0.835
0	15.4	529	5.1	22.75	3	16	1	1	0.836
0	13.66	530.542	3.04	22.75	3	17	1	1	0.837
0	12.22	528.5	2.45	22.75	3	18	0	1	0.838
0	9.67	600.167	1.57	22.233	3	19	0	1	0.839
0	8.38	616.75	1.18	22.233	3	20	0	1	0.839
0	7.14	621.208	0	21.647	3	21	0	1	0.84
0	6.33	623.167	0	21.44867	3	22	0	1	0.841
0	5.78	619.125	1.18	21.30504	3	23	0	1	0.842
1	6.4	618.75	1.18	21.227	3	0	0	1	0.843
1	6.55	621.292	0.88	21.547	3	1	0	1	0.843
1	6.29	620.125	2.06	21.7987	3	2	0	1	0.844
1	5.8	621.875	0.69	22.063	3	3	0	1	0.845
1	5.49	623.125	1.67	22.063	3	4	0	1	0.846
1	7.62	620.833	4.02	22.063	3	5	0	1	0.847
1	8.23	618.375	3.92	22.063	3	6	0	1	0.847
1	8.73	615.167	6.27	22.627	3	7	0	1	0.848
1	8.94	609.833	2.65	22.766	3	8	1	1	0.849
1	10.05	595.852	3.53	23.183	3	9	1	1	0.85
1	10.39	588.917	5.68	23.20572	3	10	1	1	0.851
1	9.31	589.375	4.8	23.183	3	11	1	1	0.851
0	11.63	567.708	4.7	23.183	3	12	1	1	0.852
0	11.09	560.333	4.51	23.183	3	13	1	1	0.853
0	9.5	583.708	3.72	23.183	3	14	1	1	0.854
0	8.38	597.208	5.19	23.038	3	15	1	1	0.855
0	8.5	602	4.9	22.87246	3	16	1	1	0.855
0	8.92	603.042	3.92	22.67218	3	17	1	1	0.856
0	7.61	606.417	5	22.441	3	18	0	1	0.857
0	7.18	609.917	1.96	21.953	3	19	0	1	0.858
0	6.77	611.917	3.33	21.568	3	20	0	1	0.859
0	6.56	613.792	2.06	21.32048	3	21	0	1	0.859
0	5.92	615.542	1.08	21.123	3	22	0	1	0.86
0	5.19	617.875	0.98	20.807	3	23	0	1	0.861
1	4.83	620.375	1.57	21.31	3	0	0	1	0.862
1	4.98	621.25	1.67	21.31	3	1	0	1	0.863
1	4.38	621.75	1.27	21.42066	3	2	0	1	0.863
1	3.71	625.042	0.29	21.56	3	3	0	1	0.864
1	3.86	624.5	0.59	21.81	3	4	0	1	0.865
1	3.78	623.542	1.18	21.81	3	5	0	1	0.866
1	3.52	623.708	0.69	22.11452	3	6	0	1	0.867
1	3.45	625.375	1.86	22.42909	3	7	0	1	0.867
1	3.92	614.542	1.27	22.73336	3	8	1	1	0.868
1	6.05	597.958	1.08	23.007	3	9	1	1	0.869
1	7.43	577.667	1.18	23.007	3	10	1	1	0.87
0	9.06	565.792	1.96	23.007	3	11	1	1	0.871
0	9.81	561.909	4.02	23.007	3	12	1	1	0.871
0	10.9	547	5.1	23.007	3	13	1	1	0.872
0	10.51	548.75	2.94	23.007	3	14	1	1	0.873
0	9.57	588.875	4.9	23.007	3	15	1	1	0.874
0	9.79	556.5	5.19	23.007	3	16	1	1	0.875
0	9.2	539	3.14	23.007	3	17	1	1	0.875
0	8.62	587.875	1.96	22.77587	3	18	0	1	0.876
0	7.4	606.458	1.08	22.51123	3	19	0	1	0.877
0	6.42	613.75	2.45	22.228	3	20	0	1	0.878
0	4.78	620.208	0	21.843	3	21	0	1	0.879
0	4.39	622.375	0	21.343	3	22	0	1	0.879
0	3.92	622.833	0	21.343	3	23	0	1	0.88
1	2.95	625.458	0.78	21.343	3	0	0	2	0.881
1	2.4	627.75	0	21.658	3	1	0	2	0.882
1	2.26	629.25	2.65	21.69865	3	2	0	2	0.883
1	2.54	627.167	2.25	21.76239	3	3	0	2	0.883
1	3	626.167	0.78	21.85269	3	4	0	2	0.884
1	3.01	624.958	1.96	21.973	3	5	0	2	0.885
1	3.26	625.208	1.37	22.348	3	6	0	2	0.886
1	3.39	624.083	1.96	22.473	3	7	0	2	0.887
1	4.18	615.792	2.55	22.88432	3	8	1	2	0.887
1	7.78	601.958	2.25	23.27	3	9	1	2	0.888
1	9.4	593.417	3.72	23.29463	3	10	1	2	0.889
1	12.44	579.958	4.7	23.27	3	11	1	2	0.89
0	12.99	567	5.1	23.27	3	12	1	2	0.891
0	12.83	558.667	4.41	23.29086	3	13	1	2	0.891
0	12.75	541.375	3.53	23.27	3	14	1	2	0.892
0	12.55	547.917	5.88	23.11902	3	15	0	2	0.893
0	11.91	557.958	5.29	22.92592	3	16	0	2	0.894
0	11.43	579.333	4.8	22.697	3	17	0	2	0.895
0	11	591.792	2.74	22.3316	3	18	0	2	0.895
0	10.46	602.875	1.47	21.96	3	19	0	2	0.896
0	9.38	606.583	2.35	21.75825	3	20	0	2	0.897
0	8.48	611.375	1.18	21.57265	3	21	0	2	0.898
0	8.48	610.958	0.88	21.40223	3	22	0	2	0.899
0	8.38	610.708	1.57	21.24601	3	23	0	2	0.899
0	8.24	610.583	0.29	21.103	3	0	0	0	0.9
0	8	611	0.49	20.787	3	1	0	0	0.901
0	8.07	611.042	0.69	20.77319	3	2	0	0	0.902
0	8.45	611.333	2.16	20.787	3	3	0	0	0.903
0	8.44	609.542	1.76	20.787	3	4	0	0	0.903
0	9.84	606.333	2.45	20.78795	3	5	0	0	0.904
0	9.57	604.917	2.16	20.787	3	6	0	0	0.905
0	11.26	604.083	4.41	20.787	3	7	0	0	0.906
0	11.78	596.542	6.17	20.787	3	8	0	0	0.907
0	12.62	588.5	6.27	20.349	3	9	0	0	0.907
0	12.53	579.667	4.8	20.203	3	10	0	0	0.908
0	12.44	583.833	3.04	20.203	3	11	0	0	0.909
0	11.92	580.458	2.16	20.203	3	12	0	0	0.91
0	11.18	577.583	1.96	20.203	3	13	0	0	0.911
0	11.26	582.458	0	20.203	3	14	0	0	0.911
0	11.1	584.5	2.06	20.20185	3	15	0	0	0.912
0	10.34	589.333	2.65	20.203	3	16	0	0	0.913
0	9.98	596.667	3.23	20.203	3	17	0	0	0.914
0	9.83	603.208	2.84	20.20572	3	18	0	0	0.915
0	9.78	606.833	1.67	20.203	3	19	0	0	0.915
0	9.58	608.708	1.57	20.21026	3	20	0	0	0.916
0	9.26	609.458	0	20.203	3	21	0	0	0.917
0	9.08	610.042	0	20.203	3	22	0	0	0.918
0	8.89	610.625	1.08	19.801	3	23	0	0	0.919
0	8.7	612.333	0.78	19.667	3	0	0	0	0.919
0	8.38	612.5	2.55	19.667	3	1	0	0	0.92
0	7.94	615.083	1.47	19.667	3	2	0	0	0.921
0	7.75	616.833	1.18	19.667	3	3	0	0	0.922
0	7.47	617.875	2.84	19.667	3	4	0	0	0.923
0	6.93	617.708	1.47	19.667	3	5	0	0	0.923
0	7.03	617.958	1.08	19.66346	3	6	0	0	0.924
0	7.11	616.625	2.06	19.667	3	7	0	0	0.925
0	8.08	608.458	1.47	19.667	3	8	0	0	0.926
0	9.42	592.292	1.18	19.667	3	9	0	0	0.927
0	11.68	573.792	1.96	19.667	3	10	0	0	0.927
0	14.91	558.5	2.74	19.667	3	11	0	0	0.928
0	16.24	562.268	10.39	20.052	3	12	0	0	0.929
0	16.34	546.792	2.06	20.18	3	13	0	0	0.93
0	16.53	554.083	2.16	20.18	3	14	0	0	0.931
0	14.5	553.583	4.51	20.18	3	15	0	0	0.931
0	13.69	556.208	2.25	20.1826	3	16	0	0	0.932
0	13.77	554.042	2.55	20.18	3	17	0	0	0.933
0	12.65	569.167	1.37	20.18	3	18	0	0	0.934
0	10.6	598.875	1.96	20.17654	3	19	0	0	0.935
1	9.34	610.292	1.37	20.18	3	20	0	0	0.935
1	8.43	614.125	0.98	20.18	3	21	0	0	0.936
1	8.26	614.583	0	20.18	3	22	0	0	0.937
1	8.06	613.042	0.78	20.19893	3	23	0	0	0.938
1	7.91	613.833	1.27	20.257	3	0	0	1	0.938
1	7.98	614.458	0.98	20.709	3	1	0	1	0.939
1	7.91	615.75	0.39	20.86	3	2	0	1	0.94
1	8.06	614.875	1.37	20.86	3	3	0	1	0.941
1	8.14	615.333	2.65	21.613	3	4	0	1	0.942
1	7.95	614.833	1.37	21.613	3	5	0	1	0.942
1	8.22	614.292	0	21.613	3	6	0	1	0.943
1	8.48	612.167	0	22.04219	3	7	0	1	0.944
1	10.16	597.708	0	22.465	3	8	1	1	0.945
1	11.68	582.5	1.67	22.79	3	9	1	1	0.946
1	13.83	563.042	3.72	22.81369	3	10	1	1	0.946
0	14.06	577.157	2.45	22.79	3	11	1	1	0.947
0	12.67	558	3.23	22.79	3	12	1	1	0.948
0	13.55	558	3.53	22.79	3	13	1	1	0.949
0	13.74	552.083	5.19	22.80488	3	14	1	1	0.95
0	13.38	550.125	6.57	22.79	3	15	1	1	0.95
0	13.04	545.583	5.49	22.79	3	16	1	1	0.951
0	11.88	551.5	5.39	22.50975	3	17	1	1	0.952
0	10.79	591.667	3.53	22.207	3	18	0	1	0.953
0	10.18	605.042	1.27	22.207	3	19	0	1	0.954
0	10.01	608	2.45	21.54	3	20	0	1	0.954
0	9.87	609.25	0.98	21.54	3	21	0	1	0.955
0	9.62	609.875	1.96	21.389	3	22	0	1	0.956
0	9.3	611.125	2.06	21.43806	3	23	0	1	0.957
1	9.38	610.417	2.94	21.53079	3	0	0	1	0.958
1	9.36	610.75	3.63	21.657	3	1	0	1	0.958
1	9.43	610.625	1.76	21.70866	3	2	0	1	0.959
1	9.43	611	2.06	21.789	3	3	0	1	0.96
1	9.48	611	1.86	22.187	3	4	0	1	0.961
1	9.48	610.667	2.55	22.39105	3	5	0	1	0.962
1	9.53	611.167	2.55	22.57964	3	6	0	1	0.962
1	9.64	609.958	1.47	22.743	3	7	0	1	0.963
1	10.41	600.833	4.8	22.743	3	8	1	1	0.964
0	9.85	594.417	6.08	22.743	3	9	1	1	0.965
0	9.99	597.5	4.9	22.743	3	10	1	1	0.966
0	10.63	581.792	4.61	22.75725	3	11	1	1	0.966
0	12.25	568.708	7.06	22.75741	3	12	1	1	0.967
0	11.56	563.333	6.47	22.743	3	13	1	1	0.968
0	11.5	562.125	7.06	22.743	3	14	1	1	0.969
0	11	568.375	4.8	22.743	3	15	1	1	0.97
0	10.02	577.083	7.15	22.743	3	16	1	1	0.97
0	9.49	590.625	3.92	22.743	3	17	1	1	0.971
0	9	601.375	3.63	22.3232	3	18	0	1	0.972
0	8.6	607.875	3.23	21.88	3	19	0	1	0.973
0	8.47	610.083	3.82	21.52	3	20	0	1	0.974
0	8.31	611.25	3.33	21.373	3	21	0	1	0.974
0	8.05	612.708	2.74	20.933	3	22	0	1	0.975
0	8.12	613.542	2.25	20.933	3	23	0	1	0.976
1	8.11	614.583	3.33	21.371	3	0	0	2	0.977
1	7.96	614.792	2.25	21.517	3	1	0	2	0.978
1	8.04	615.042	3.04	21.517	3	2	0	2	0.978
1	8.31	614.542	3.04	21.84916	3	3	0	2	0.979
1	8.26	614.5	2.45	22.197	3	4	0	2	0.98
1	8.44	615.167	3.04	22.39808	3	5	0	2	0.981
1	8.69	615.875	1.86	22.58313	3	6	0	2	0.982
1	9.37	613.042	6.27	22.74712	3	7	0	2	0.982
1	9.82	603.958	5.19	22.885	3	8	1	2	0.983
0	10.9	586.648	5.49	22.92	3	9	1	2	0.984
0	10	591.042	7.74	22.94857	3	10	1	2	0.985
0	11.72	569.375	8.43	22.95579	3	11	1	2	0.986
0	12.87	559.792	9.21	22.94512	3	12	1	2	0.986
0	11.78	555.75	7.74	22.92	3	13	1	2	0.987
0	11.6	563.292	6.96	22.92	3	14	1	2	0.988
0	11.27	565.792	9.31	22.92	3	15	0	2	0.989
0	11.41	537.75	7.55	22.92	3	16	0	2	0.99
0	11.2	510.708	5.78	22.91736	3	17	0	2	0.99
0	10.38	535.792	2.94	22.87895	3	18	0	2	0.991
0	8.71	600.292	1.27	22.794	3	19	0	2	0.992
0	8.59	611.75	0.98	22.33431	3	20	0	2	0.993
0	8.4	615.375	1.18	21.857	3	21	0	2	0.994
0	7.6	616.75	1.37	21.857	3	22	0	2	0.994
0	7.45	615.917	2.35	21.29	3	23	0	2	0.995
1	7.48	615.292	1.57	21.29	3	0	0	0	0.996
1	6.97	616.375	1.37	21.29	3	1	0	0	0.997
1	5.93	617.792	0.78	21.012	3	2	0	0	0.998
1	5.34	621.125	0	20.733	3	3	0	0	0.998
1	5.2	621.917	0	20.733	3	4	0	0	0.999
1	5.16	622.583	0.69	20.733	3	5	0	0	1
